 1.1035483330488205e-001 -4.8202984035015106e-002 0.0000000000000000e+000
 1.0994884371757507e-001 -4.8135310411453247e-002 0.0000000000000000e+000
 1.0955226421356201e-001 -4.8273328691720963e-002 0.0000000000000000e+000
 1.0915062576532364e-001 -4.8302367329597473e-002 0.0000000000000000e+000
 1.0874935239553452e-001 -4.8340357840061188e-002 0.0000000000000000e+000
 1.0834239423274994e-001 -4.8255607485771179e-002 0.0000000000000000e+000
 1.0794370621442795e-001 -4.8351790755987167e-002 0.0000000000000000e+000
 1.0754314064979553e-001 -4.8408299684524536e-002 0.0000000000000000e+000
 1.0714172571897507e-001 -4.8447288572788239e-002 0.0000000000000000e+000
 1.0673126578330994e-001 -4.8290736973285675e-002 0.0000000000000000e+000
 1.0633074492216110e-001 -4.8351157456636429e-002 0.0000000000000000e+000
 1.0593511909246445e-001 -4.8519153147935867e-002 0.0000000000000000e+000
 1.0552525520324707e-001 -4.8378665000200272e-002 0.0000000000000000e+000
 1.0512139648199081e-001 -4.8369720578193665e-002 0.0000000000000000e+000
 1.0472048074007034e-001 -4.8425823450088501e-002 0.0000000000000000e+000
 1.0431823879480362e-001 -4.8454094678163528e-002 0.0000000000000000e+000
 1.0391854494810104e-001 -4.8538882285356522e-002 0.0000000000000000e+000
 1.0351129621267319e-001 -4.8460435122251511e-002 0.0000000000000000e+000
 1.0310494899749756e-001 -4.8402596265077591e-002 0.0000000000000000e+000
 1.0271189361810684e-001 -4.8634734004735947e-002 0.0000000000000000e+000
 1.0230901092290878e-001 -4.8654295504093170e-002 0.0000000000000000e+000
 1.0189907997846603e-001 -4.8521768301725388e-002 0.0000000000000000e+000
 1.0149677842855453e-001 -4.8556141555309296e-002 0.0000000000000000e+000
 1.0109519213438034e-001 -4.8606961965560913e-002 0.0000000000000000e+000
 1.0068751126527786e-001 -4.8526562750339508e-002 0.0000000000000000e+000
 1.0028456896543503e-001 -4.8550121486186981e-002 0.0000000000000000e+000
 9.9887683987617493e-002 -4.8706095665693283e-002 0.0000000000000000e+000
 9.9477358162403107e-002 -4.8571392893791199e-002 0.0000000000000000e+000
 9.9067978560924530e-002 -4.8458505421876907e-002 0.0000000000000000e+000
 9.8678223788738251e-002 -4.8772227019071579e-002 0.0000000000000000e+000
 9.8270498216152191e-002 -4.8697270452976227e-002 0.0000000000000000e+000
 9.7866155207157135e-002 -4.8696607351303101e-002 0.0000000000000000e+000
 9.7462952136993408e-002 -4.8721812665462494e-002 0.0000000000000000e+000
 9.7059190273284912e-002 -4.8735886812210083e-002 0.0000000000000000e+000
 9.6653558313846588e-002 -4.8710498958826065e-002 0.0000000000000000e+000
 9.6254304051399231e-002 -4.8824336379766464e-002 0.0000000000000000e+000
 9.5848135650157928e-002 -4.8789396882057190e-002 0.0000000000000000e+000
 9.5444679260253906e-002 -4.8814214766025543e-002 0.0000000000000000e+000
 9.5042653381824493e-002 -4.8871159553527832e-002 0.0000000000000000e+000
 9.4637654721736908e-002 -4.8864673823118210e-002 0.0000000000000000e+000
 9.4229102134704590e-002 -4.8782132565975189e-002 0.0000000000000000e+000
 9.3822650611400604e-002 -4.8746272921562195e-002 0.0000000000000000e+000
 9.3423552811145782e-002 -4.8870824277400970e-002 0.0000000000000000e+000
 9.3023948371410370e-002 -4.8985343426465988e-002 0.0000000000000000e+000
 9.2611193656921387e-002 -4.8816084861755371e-002 0.0000000000000000e+000
 9.2209935188293457e-002 -4.8896722495555878e-002 0.0000000000000000e+000
 9.1806203126907349e-002 -4.8925023525953293e-002 0.0000000000000000e+000
 9.1405004262924194e-002 -4.9008924514055252e-002 0.0000000000000000e+000
 9.1000460088253021e-002 -4.9021635204553604e-002 0.0000000000000000e+000
 9.0594097971916199e-002 -4.8995934426784515e-002 0.0000000000000000e+000
 9.0181730687618256e-002 -4.8841461539268494e-002 0.0000000000000000e+000
 8.9781686663627625e-002 -4.8954624682664871e-002 0.0000000000000000e+000
 8.9373223483562469e-002 -4.8886522650718689e-002 0.0000000000000000e+000
 8.8977649807929993e-002 -4.9098379909992218e-002 0.0000000000000000e+000
 8.8567249476909637e-002 -4.8990514129400253e-002 0.0000000000000000e+000
 8.8162817060947418e-002 -4.9012690782546997e-002 0.0000000000000000e+000
 8.7757334113121033e-002 -4.9013264477252960e-002 0.0000000000000000e+000
 8.7350375950336456e-002 -4.8982977867126465e-002 0.0000000000000000e+000
 8.6946181952953339e-002 -4.9013324081897736e-002 0.0000000000000000e+000
 8.6546190083026886e-002 -4.9135442823171616e-002 0.0000000000000000e+000
 8.6137756705284119e-002 -4.9076322466135025e-002 0.0000000000000000e+000
 8.5742250084877014e-002 -4.9297355115413666e-002 0.0000000000000000e+000
 8.5326880216598511e-002 -4.9090385437011719e-002 0.0000000000000000e+000
 8.4923267364501953e-002 -4.9138318747282028e-002 0.0000000000000000e+000
 8.4520451724529266e-002 -4.9204453825950623e-002 0.0000000000000000e+000
 8.4107957780361176e-002 -4.9062795937061310e-002 0.0000000000000000e+000
 8.3707205951213837e-002 -4.9175430089235306e-002 0.0000000000000000e+000
 8.3298370242118835e-002 -4.9114618450403214e-002 0.0000000000000000e+000
 8.2899205386638641e-002 -4.9263473600149155e-002 0.0000000000000000e+000
 8.2487016916275024e-002 -4.9132261425256729e-002 0.0000000000000000e+000
 8.2085125148296356e-002 -4.9224182963371277e-002 0.0000000000000000e+000
 8.1683844327926636e-002 -4.9330271780490875e-002 0.0000000000000000e+000
 8.1272825598716736e-002 -4.9227368086576462e-002 0.0000000000000000e+000
 8.0871805548667908e-002 -4.9340996891260147e-002 0.0000000000000000e+000
 8.0469779670238495e-002 -4.9433801323175430e-002 0.0000000000000000e+000
 8.0056607723236084e-002 -4.9287509173154831e-002 0.0000000000000000e+000
 7.9654552042484283e-002 -4.9381621181964874e-002 0.0000000000000000e+000
 7.9246252775192261e-002 -4.9342248588800430e-002 0.0000000000000000e+000
 7.8844152390956879e-002 -4.9437396228313446e-002 0.0000000000000000e+000
 7.8440293669700623e-002 -4.9495514482259750e-002 0.0000000000000000e+000
 7.8034251928329468e-002 -4.9507491290569305e-002 0.0000000000000000e+000
 7.7621340751647949e-002 -4.9372762441635132e-002 0.0000000000000000e+000
 7.7224254608154297e-002 -4.9579389393329620e-002 0.0000000000000000e+000
 7.6811388134956360e-002 -4.9447536468505859e-002 0.0000000000000000e+000
 7.6403811573982239e-002 -4.9430303275585175e-002 0.0000000000000000e+000
 7.6011523604393005e-002 -4.9742981791496277e-002 0.0000000000000000e+000
 7.5591295957565308e-002 -4.9455605447292328e-002 0.0000000000000000e+000
 7.5188085436820984e-002 -4.9535091966390610e-002 0.0000000000000000e+000
 7.4782438576221466e-002 -4.9563258886337280e-002 0.0000000000000000e+000
 7.4374124407768250e-002 -4.9534894526004791e-002 0.0000000000000000e+000
 7.3971681296825409e-002 -4.9633633345365524e-002 0.0000000000000000e+000
 7.3568120598793030e-002 -4.9709308892488480e-002 0.0000000000000000e+000
 7.3155209422111511e-002 -4.9584988504648209e-002 0.0000000000000000e+000
 7.2752319276332855e-002 -4.9676697701215744e-002 0.0000000000000000e+000
 7.2340331971645355e-002 -4.9574233591556549e-002 0.0000000000000000e+000
 7.1941658854484558e-002 -4.9758359789848328e-002 0.0000000000000000e+000
 7.1534767746925354e-002 -4.9766987562179565e-002 0.0000000000000000e+000
 7.1124434471130371e-002 -4.9702502787113190e-002 0.0000000000000000e+000
 7.0718504488468170e-002 -4.9733560532331467e-002 0.0000000000000000e+000
 7.0313908159732819e-002 -4.9794059246778488e-002 0.0000000000000000e+000
 6.9908402860164642e-002 -4.9836020916700363e-002 0.0000000000000000e+000
 6.9499716162681580e-002 -4.9810461699962616e-002 0.0000000000000000e+000
 6.9085836410522461e-002 -4.9674600362777710e-002 0.0000000000000000e+000
 6.8681828677654266e-002 -4.9751173704862595e-002 0.0000000000000000e+000
 6.8275190889835358e-002 -4.9772296100854874e-002 0.0000000000000000e+000
 6.7867152392864227e-002 -4.9764264374971390e-002 0.0000000000000000e+000
 6.7460775375366211e-002 -4.9792654812335968e-002 0.0000000000000000e+000
 6.7057609558105469e-002 -4.9890719354152679e-002 0.0000000000000000e+000
 6.6647015511989594e-002 -4.9830622971057892e-002 0.0000000000000000e+000
 6.6238358616828918e-002 -4.9812667071819305e-002 0.0000000000000000e+000
 6.5832950174808502e-002 -4.9865253269672394e-002 0.0000000000000000e+000
 6.5424248576164246e-002 -4.9848113209009171e-002 0.0000000000000000e+000
 6.5018974244594574e-002 -4.9905199557542801e-002 0.0000000000000000e+000
 6.4607486128807068e-002 -4.9830183386802673e-002 0.0000000000000000e+000
 6.4207203686237335e-002 -4.9995560199022293e-002 0.0000000000000000e+000
 6.3797615468502045e-002 -4.9962833523750305e-002 0.0000000000000000e+000
 6.3393667340278625e-002 -5.0051517784595490e-002 0.0000000000000000e+000
 6.2980741262435913e-002 -4.9949035048484802e-002 0.0000000000000000e+000
 6.2575154006481171e-002 -5.0004396587610245e-002 0.0000000000000000e+000
 6.2160015106201172e-002 -4.9856331199407578e-002 0.0000000000000000e+000
 6.1757691204547882e-002 -4.9982868134975433e-002 0.0000000000000000e+000
 6.1352133750915527e-002 -5.0041113048791885e-002 0.0000000000000000e+000
 6.0943782329559326e-002 -5.0040543079376221e-002 0.0000000000000000e+000
 6.0532778501510620e-002 -4.9984060227870941e-002 0.0000000000000000e+000
 6.0122083872556686e-002 -4.9935076385736465e-002 0.0000000000000000e+000
 5.9720616787672043e-002 -5.0083711743354797e-002 0.0000000000000000e+000
 5.9320457279682159e-002 -5.0261024385690689e-002 0.0000000000000000e+000
 5.8910373598337173e-002 -5.0227299332618713e-002 0.0000000000000000e+000
 5.8488901704549789e-002 -4.9951575696468353e-002 0.0000000000000000e+000
 5.8094903826713562e-002 -5.0262510776519775e-002 0.0000000000000000e+000
 5.7672474533319473e-002 -4.9968015402555466e-002 0.0000000000000000e+000
 5.7275112718343735e-002 -5.0208572298288345e-002 0.0000000000000000e+000
 5.6857310235500336e-002 -5.0014317035675049e-002 0.0000000000000000e+000
 5.6454837322235107e-002 -5.0147369503974915e-002 0.0000000000000000e+000
 5.6043840944766998e-002 -5.0099618732929230e-002 0.0000000000000000e+000
 5.5642411112785339e-002 -5.0256386399269104e-002 0.0000000000000000e+000
 5.5232502520084381e-002 -5.0233278423547745e-002 0.0000000000000000e+000
 5.4818909615278244e-002 -5.0132527947425842e-002 0.0000000000000000e+000
 5.4418258368968964e-002 -5.0307877361774445e-002 0.0000000000000000e+000
 5.4004505276679993e-002 -5.0205200910568237e-002 0.0000000000000000e+000
 5.3594533354043961e-002 -5.0183679908514023e-002 0.0000000000000000e+000
 5.3188037127256393e-002 -5.0236802548170090e-002 0.0000000000000000e+000
 5.2777234464883804e-002 -5.0199039280414581e-002 0.0000000000000000e+000
 5.2367724478244781e-002 -5.0189483910799026e-002 0.0000000000000000e+000
 5.1964759826660156e-002 -5.0319690257310867e-002 0.0000000000000000e+000
 5.1558427512645721e-002 -5.0379034131765366e-002 0.0000000000000000e+000
 5.1147617399692535e-002 -5.0343889743089676e-002 0.0000000000000000e+000
 5.0735890865325928e-002 -5.0289999693632126e-002 0.0000000000000000e+000
 5.0333101302385330e-002 -5.0426572561264038e-002 0.0000000000000000e+000
 4.9915339797735214e-002 -5.0245929509401321e-002 0.0000000000000000e+000
 4.9509067088365555e-002 -5.0309859216213226e-002 0.0000000000000000e+000
 4.9100317060947418e-002 -5.0321906805038452e-002 0.0000000000000000e+000
 4.8692416399717331e-002 -5.0352569669485092e-002 0.0000000000000000e+000
 4.8285882920026779e-002 -5.0412937998771667e-002 0.0000000000000000e+000
 4.7875240445137024e-002 -5.0386764109134674e-002 0.0000000000000000e+000
 4.7470942139625549e-002 -5.0495766103267670e-002 0.0000000000000000e+000
 4.7062158584594727e-002 -5.0510253757238388e-002 0.0000000000000000e+000
 4.6650581061840057e-002 -5.0466224551200867e-002 0.0000000000000000e+000
 4.6244554221630096e-002 -5.0540402531623840e-002 0.0000000000000000e+000
 4.5827750116586685e-002 -5.0386827439069748e-002 0.0000000000000000e+000
 4.5421175658702850e-002 -5.0450708717107773e-002 0.0000000000000000e+000
 4.5011289417743683e-002 -5.0444949418306351e-002 0.0000000000000000e+000
 4.4614624232053757e-002 -5.0719782710075378e-002 0.0000000000000000e+000
 4.4193971902132034e-002 -5.0487354397773743e-002 0.0000000000000000e+000
 4.3788727372884750e-002 -5.0581701099872589e-002 0.0000000000000000e+000
 4.3379262089729309e-002 -5.0587285310029984e-002 0.0000000000000000e+000
 4.2973976582288742e-002 -5.0681892782449722e-002 0.0000000000000000e+000
 4.2557764798402786e-002 -5.0545994192361832e-002 0.0000000000000000e+000
 4.2147826403379440e-002 -5.0543341785669327e-002 0.0000000000000000e+000
 4.1738826781511307e-002 -5.0561130046844482e-002 0.0000000000000000e+000
 4.1330549865961075e-002 -5.0594743341207504e-002 0.0000000000000000e+000
 4.0918353945016861e-002 -5.0546087324619293e-002 0.0000000000000000e+000
 4.0510918945074081e-002 -5.0598580390214920e-002 0.0000000000000000e+000
 4.0105611085891724e-002 -5.0696630030870438e-002 0.0000000000000000e+000
 3.9694357663393021e-002 -5.0669532269239426e-002 0.0000000000000000e+000
 3.9285916835069656e-002 -5.0702445209026337e-002 0.0000000000000000e+000
 3.8872756063938141e-002 -5.0636224448680878e-002 0.0000000000000000e+000
 3.8463290780782700e-002 -5.0648596137762070e-002 0.0000000000000000e+000
 3.8054194301366806e-002 -5.0669211894273758e-002 0.0000000000000000e+000
 3.7646424025297165e-002 -5.0718389451503754e-002 0.0000000000000000e+000
 3.7231869995594025e-002 -5.0624988973140717e-002 0.0000000000000000e+000
 3.6827445030212402e-002 -5.0745662301778793e-002 0.0000000000000000e+000
 3.6411505192518234e-002 -5.0624124705791473e-002 0.0000000000000000e+000
 3.6007944494485855e-002 -5.0764080137014389e-002 0.0000000000000000e+000
 3.5597931593656540e-002 -5.0768427550792694e-002 0.0000000000000000e+000
 3.5189829766750336e-002 -5.0813559442758560e-002 0.0000000000000000e+000
 3.4778747707605362e-002 -5.0796452909708023e-002 0.0000000000000000e+000
 3.4373033791780472e-002 -5.0892803817987442e-002 0.0000000000000000e+000
 3.3957649022340775e-002 -5.0786040723323822e-002 0.0000000000000000e+000
 3.3547069877386093e-002 -5.0780951976776123e-002 0.0000000000000000e+000
 3.3141978085041046e-002 -5.0891861319541931e-002 0.0000000000000000e+000
 3.2725539058446884e-002 -5.0764333456754684e-002 0.0000000000000000e+000
 3.2321728765964508e-002 -5.0903059542179108e-002 0.0000000000000000e+000
 3.1907550990581512e-002 -5.0824105739593506e-002 0.0000000000000000e+000
 3.1501609832048416e-002 -5.0918865948915482e-002 0.0000000000000000e+000
 3.1086195260286331e-002 -5.0814814865589142e-002 0.0000000000000000e+000
 3.0682306736707687e-002 -5.0953615456819534e-002 0.0000000000000000e+000
 3.0270446091890335e-002 -5.0925210118293762e-002 0.0000000000000000e+000
 2.9860353097319603e-002 -5.0934355705976486e-002 0.0000000000000000e+000
 2.9449397698044777e-002 -5.0925847142934799e-002 0.0000000000000000e+000
 2.9043011367321014e-002 -5.1013745367527008e-002 0.0000000000000000e+000
 2.8631761670112610e-002 -5.0999902188777924e-002 0.0000000000000000e+000
 2.8224332258105278e-002 -5.1066651940345764e-002 0.0000000000000000e+000
 2.7812611311674118e-002 -5.1043733954429626e-002 0.0000000000000000e+000
 2.7403155341744423e-002 -5.1068760454654694e-002 0.0000000000000000e+000
 2.6989925652742386e-002 -5.1014948636293411e-002 0.0000000000000000e+000
 2.6582989841699600e-002 -5.1093645393848419e-002 0.0000000000000000e+000
 2.6166684925556183e-002 -5.0976142287254333e-002 0.0000000000000000e+000
 2.5762662291526794e-002 -5.1116667687892914e-002 0.0000000000000000e+000
 2.5349909439682961e-002 -5.1074482500553131e-002 0.0000000000000000e+000
 2.4941409006714821e-002 -5.1121808588504791e-002 0.0000000000000000e+000
 2.4534344673156738e-002 -5.1199615001678467e-002 0.0000000000000000e+000
 2.4115838110446930e-002 -5.1037941128015518e-002 0.0000000000000000e+000
 2.3713832721114159e-002 -5.1222443580627441e-002 0.0000000000000000e+000
 2.3302184417843819e-002 -5.1205214112997055e-002 0.0000000000000000e+000
 2.2892674431204796e-002 -5.1233135163784027e-002 0.0000000000000000e+000
 2.2473257035017014e-002 -5.1053948700428009e-002 0.0000000000000000e+000
 2.2064611315727234e-002 -5.1100675016641617e-002 0.0000000000000000e+000
 2.1659674122929573e-002 -5.1225341856479645e-002 0.0000000000000000e+000
 2.1246625110507011e-002 -5.1180537790060043e-002 0.0000000000000000e+000
 2.0837008953094482e-002 -5.1207914948463440e-002 0.0000000000000000e+000
 2.0429180935025215e-002 -5.1272969692945480e-002 0.0000000000000000e+000
 2.0015958696603775e-002 -5.1225539296865463e-002 0.0000000000000000e+000
 1.9606459885835648e-002 -5.1256287842988968e-002 0.0000000000000000e+000
 1.9193794578313828e-002 -5.1221128553152084e-002 0.0000000000000000e+000
 1.8784256651997566e-002 -5.1251679658889771e-002 0.0000000000000000e+000
 1.8373586237430573e-002 -5.1258813589811325e-002 0.0000000000000000e+000
 1.7961168661713600e-002 -5.1229730248451233e-002 0.0000000000000000e+000
 1.7555810511112213e-002 -5.1348470151424408e-002 0.0000000000000000e+000
 1.7145801335573196e-002 -5.1370270550251007e-002 0.0000000000000000e+000
 1.6735833138227463e-002 -5.1393207162618637e-002 0.0000000000000000e+000
 1.6325136646628380e-002 -5.1401205360889435e-002 0.0000000000000000e+000
 1.5910351648926735e-002 -5.1324110478162766e-002 0.0000000000000000e+000
 1.5502172522246838e-002 -5.1385216414928436e-002 0.0000000000000000e+000
 1.5091715380549431e-002 -5.1398992538452148e-002 0.0000000000000000e+000
 1.4681241475045681e-002 -5.1412701606750488e-002 0.0000000000000000e+000
 1.4270388521254063e-002 -5.1418729126453400e-002 0.0000000000000000e+000
 1.3856385834515095e-002 -5.1359321922063828e-002 0.0000000000000000e+000
 1.3454621657729149e-002 -5.1555387675762177e-002 0.0000000000000000e+000
 1.3042172417044640e-002 -5.1528837531805038e-002 0.0000000000000000e+000
 1.2627193704247475e-002 -5.1449798047542572e-002 0.0000000000000000e+000
 1.2212777510285378e-002 -5.1382753998041153e-002 0.0000000000000000e+000
 1.1803010478615761e-002 -5.1412839442491531e-002 0.0000000000000000e+000
 1.1394537985324860e-002 -5.1470119506120682e-002 0.0000000000000000e+000
 1.0980730876326561e-002 -5.1416452974081039e-002 0.0000000000000000e+000
 1.0577071458101273e-002 -5.1574379205703735e-002 0.0000000000000000e+000
 1.0161186568439007e-002 -5.1477868109941483e-002 0.0000000000000000e+000
 9.7525762394070625e-003 -5.1533062011003494e-002 0.0000000000000000e+000
 9.3407602980732918e-003 -5.1521692425012589e-002 0.0000000000000000e+000
 8.9363958686590195e-003 -5.1665630191564560e-002 0.0000000000000000e+000
 8.5172615945339203e-003 -5.1502361893653870e-002 0.0000000000000000e+000
 8.1088952720165253e-003 -5.1563352346420288e-002 0.0000000000000000e+000
 7.6971375383436680e-003 -5.1553968340158463e-002 0.0000000000000000e+000
 7.2895754128694534e-003 -5.1632016897201538e-002 0.0000000000000000e+000
 6.8762511946260929e-003 -5.1590409129858017e-002 0.0000000000000000e+000
 6.4679943025112152e-003 -5.1654331386089325e-002 0.0000000000000000e+000
 6.0528046451508999e-003 -5.1574286073446274e-002 0.0000000000000000e+000
 5.6408834643661976e-003 -5.1562365144491196e-002 0.0000000000000000e+000
 5.2383029833436012e-003 -5.1744699478149414e-002 0.0000000000000000e+000
 4.8209214583039284e-003 -5.1619619131088257e-002 0.0000000000000000e+000
 4.4134729541838169e-003 -5.1701068878173828e-002 0.0000000000000000e+000
 4.0034721605479717e-003 -5.1729630678892136e-002 0.0000000000000000e+000
 3.5929435398429632e-003 -5.1747359335422516e-002 0.0000000000000000e+000
 3.1790325883775949e-003 -5.1695000380277634e-002 0.0000000000000000e+000
 2.7662548236548901e-003 -5.1666319370269775e-002 0.0000000000000000e+000
 2.3609828203916550e-003 -5.1793552935123444e-002 0.0000000000000000e+000
 1.9471916602924466e-003 -5.1744092255830765e-002 0.0000000000000000e+000
 1.5390963526442647e-003 -5.1812943071126938e-002 0.0000000000000000e+000
 1.1255780700594187e-003 -5.1769398152828217e-002 0.0000000000000000e+000
 7.1495282463729382e-004 -5.1785986870527267e-002 0.0000000000000000e+000
 3.0075025279074907e-004 -5.1728498190641403e-002 0.0000000000000000e+000
 -1.0630818724166602e-004 -5.1819261163473129e-002 0.0000000000000000e+000
 -5.2143842913210392e-004 -5.1742766052484512e-002 0.0000000000000000e+000
 -9.3388633104041219e-004 -5.1721997559070587e-002 0.0000000000000000e+000
 -1.3400997268036008e-003 -5.1830530166625977e-002 0.0000000000000000e+000
 -1.7467330908402801e-003 -5.1930420100688934e-002 0.0000000000000000e+000
 -2.1606953814625740e-003 -5.1878537982702255e-002 0.0000000000000000e+000
 -2.5758072733879089e-003 -5.1802944391965866e-002 0.0000000000000000e+000
 -2.9829598497599363e-003 -5.1892295479774475e-002 0.0000000000000000e+000
 -3.3980440348386765e-003 -5.1817461848258972e-002 0.0000000000000000e+000
 -3.8083328399807215e-003 -5.1842007786035538e-002 0.0000000000000000e+000
 -4.2152646929025650e-003 -5.1936108618974686e-002 0.0000000000000000e+000
 -4.6301907859742641e-003 -5.1864795386791229e-002 0.0000000000000000e+000
 -5.0429813563823700e-003 -5.1837753504514694e-002 0.0000000000000000e+000
 -5.4498668760061264e-003 -5.1932979375123978e-002 0.0000000000000000e+000
 -5.8638891205191612e-003 -5.1880583167076111e-002 0.0000000000000000e+000
 -6.2691625207662582e-003 -5.2009224891662598e-002 0.0000000000000000e+000
 -6.6865487024188042e-003 -5.1887363195419312e-002 0.0000000000000000e+000
 -7.0916218683123589e-003 -5.2020214498043060e-002 0.0000000000000000e+000
 -7.5072930194437504e-003 -5.1933944225311279e-002 0.0000000000000000e+000
 -7.9139983281493187e-003 -5.2033089101314545e-002 0.0000000000000000e+000
 -8.3282515406608582e-003 -5.1976237446069717e-002 0.0000000000000000e+000
 -8.7398560717701912e-003 -5.1974188536405563e-002 0.0000000000000000e+000
 -9.1512612998485565e-003 -5.1976282149553299e-002 0.0000000000000000e+000
 -9.5610693097114563e-003 -5.2011419087648392e-002 0.0000000000000000e+000
 -9.9679846316576004e-003 -5.2106320858001709e-002 0.0000000000000000e+000
 -1.0378941893577576e-002 -5.2117735147476196e-002 0.0000000000000000e+000
 -1.0788806714117527e-002 -5.2151720970869064e-002 0.0000000000000000e+000
 -1.1199359782040119e-002 -5.2171517163515091e-002 0.0000000000000000e+000
 -1.1616264469921589e-002 -5.2060179412364960e-002 0.0000000000000000e+000
 -1.2024082243442535e-002 -5.2136484533548355e-002 0.0000000000000000e+000
 -1.2436452321708202e-002 -5.2118808031082153e-002 0.0000000000000000e+000
 -1.2844445183873177e-002 -5.2191495895385742e-002 0.0000000000000000e+000
 -1.3256636448204517e-002 -5.2177522331476212e-002 0.0000000000000000e+000
 -1.3667968101799488e-002 -5.2181292325258255e-002 0.0000000000000000e+000
 -1.4077208936214447e-002 -5.2228216081857681e-002 0.0000000000000000e+000
 -1.4487407170236111e-002 -5.2255358546972275e-002 0.0000000000000000e+000
 -1.4899325557053089e-002 -5.2247025072574615e-002 0.0000000000000000e+000
 -1.5310093760490417e-002 -5.2262395620346069e-002 0.0000000000000000e+000
 -1.5719868242740631e-002 -5.2298247814178467e-002 0.0000000000000000e+000
 -1.6143862158060074e-002 -5.2040923386812210e-002 0.0000000000000000e+000
 -1.6544319689273834e-002 -5.2268832921981812e-002 0.0000000000000000e+000
 -1.6954274848103523e-002 -5.2300918847322464e-002 0.0000000000000000e+000
 -1.7366679385304451e-002 -5.2282493561506271e-002 0.0000000000000000e+000
 -1.7776569351553917e-002 -5.2315853536128998e-002 0.0000000000000000e+000
 -1.8188199028372765e-002 -5.2313361316919327e-002 0.0000000000000000e+000
 -1.8599784001708031e-002 -5.2311785519123077e-002 0.0000000000000000e+000
 -1.9012346863746643e-002 -5.2290000021457672e-002 0.0000000000000000e+000
 -1.9417891278862953e-002 -5.2412766963243484e-002 0.0000000000000000e+000
 -1.9829118624329567e-002 -5.2418466657400131e-002 0.0000000000000000e+000
 -2.0245093852281570e-002 -5.2326325327157974e-002 0.0000000000000000e+000
 -2.0656514912843704e-002 -5.2327983081340790e-002 0.0000000000000000e+000
 -2.1066537126898766e-002 -5.2358344197273254e-002 0.0000000000000000e+000
 -2.1479159593582153e-002 -5.2335210144519806e-002 0.0000000000000000e+000
 -2.1894054487347603e-002 -5.2265211939811707e-002 0.0000000000000000e+000
 -2.2303186357021332e-002 -5.2313812077045441e-002 0.0000000000000000e+000
 -2.2710975259542465e-002 -5.2390005439519882e-002 0.0000000000000000e+000
 -2.3119399324059486e-002 -5.2453078329563141e-002 0.0000000000000000e+000
 -2.3531951010227203e-002 -5.2431147545576096e-002 0.0000000000000000e+000
 -2.3936577141284943e-002 -5.2572257816791534e-002 0.0000000000000000e+000
 -2.4353291839361191e-002 -5.2464604377746582e-002 0.0000000000000000e+000
 -2.4768644943833351e-002 -5.2384935319423676e-002 0.0000000000000000e+000
 -2.5181567296385765e-002 -5.2355259656906128e-002 0.0000000000000000e+000
 -2.5591215118765831e-002 -5.2392829209566116e-002 0.0000000000000000e+000
 -2.5995166972279549e-002 -5.2547458559274673e-002 0.0000000000000000e+000
 -2.6408065110445023e-002 -5.2518095821142197e-002 0.0000000000000000e+000
 -2.6820937171578407e-002 -5.2489224821329117e-002 0.0000000000000000e+000
 -2.7239298447966576e-002 -5.2347473800182343e-002 0.0000000000000000e+000
 -2.7649920433759689e-002 -5.2364762872457504e-002 0.0000000000000000e+000
 -2.8048522770404816e-002 -5.2629008889198303e-002 0.0000000000000000e+000
 -2.8463358059525490e-002 -5.2559562027454376e-002 0.0000000000000000e+000
 -2.8875762596726418e-002 -5.2540037781000137e-002 0.0000000000000000e+000
 -2.9289077967405319e-002 -5.2501730620861053e-002 0.0000000000000000e+000
 -2.9695017263293266e-002 -5.2614893764257431e-002 0.0000000000000000e+000
 -3.0107431113719940e-002 -5.2594993263483047e-002 0.0000000000000000e+000
 -3.0518345534801483e-002 -5.2605852484703064e-002 0.0000000000000000e+000
 -3.0937492847442627e-002 -5.2447553724050522e-002 0.0000000000000000e+000
 -3.1341560184955597e-002 -5.2598889917135239e-002 0.0000000000000000e+000
 -3.1748391687870026e-002 -5.2693422883749008e-002 0.0000000000000000e+000
 -3.2161951065063477e-002 -5.2649710327386856e-002 0.0000000000000000e+000
 -3.2571848481893539e-002 -5.2681136876344681e-002 0.0000000000000000e+000
 -3.2982937991619110e-002 -5.2687995135784149e-002 0.0000000000000000e+000
 -3.3401764929294586e-002 -5.2535969763994217e-002 0.0000000000000000e+000
 -3.3810131251811981e-002 -5.2598636597394943e-002 0.0000000000000000e+000
 -3.4218106418848038e-002 -5.2669309079647064e-002 0.0000000000000000e+000
 -3.4629285335540771e-002 -5.2674110978841782e-002 0.0000000000000000e+000
 -3.5040736198425293e-002 -5.2673242986202240e-002 0.0000000000000000e+000
 -3.5452224314212799e-002 -5.2671581506729126e-002 0.0000000000000000e+000
 -3.5864897072315216e-002 -5.2645560353994370e-002 0.0000000000000000e+000
 -3.6269206553697586e-002 -5.2791066467761993e-002 0.0000000000000000e+000
 -3.6678910255432129e-002 -5.2825905382633209e-002 0.0000000000000000e+000
 -3.7097617983818054e-002 -5.2675873041152954e-002 0.0000000000000000e+000
 -3.7508230656385422e-002 -5.2691884338855743e-002 0.0000000000000000e+000
 -3.7913251668214798e-002 -5.2822522819042206e-002 0.0000000000000000e+000
 -3.8326304405927658e-002 -5.2788406610488892e-002 0.0000000000000000e+000
 -3.8742985576391220e-002 -5.2679769694805145e-002 0.0000000000000000e+000
 -3.9148051291704178e-002 -5.2809339016675949e-002 0.0000000000000000e+000
 -3.9555877447128296e-002 -5.2882231771945953e-002 0.0000000000000000e+000
 -3.9969332516193390e-002 -5.2839625626802444e-002 0.0000000000000000e+000
 -4.0381576865911484e-002 -5.2821759134531021e-002 0.0000000000000000e+000
 -4.0797114372253418e-002 -5.2736401557922363e-002 0.0000000000000000e+000
 -4.1203007102012634e-002 -5.2848752588033676e-002 0.0000000000000000e+000
 -4.1614346206188202e-002 -5.2849289029836655e-002 0.0000000000000000e+000
 -4.2017295956611633e-002 -5.3021870553493500e-002 0.0000000000000000e+000
 -4.2432367801666260e-002 -5.2945833653211594e-002 0.0000000000000000e+000
 -4.2847935110330582e-002 -5.2859641611576080e-002 0.0000000000000000e+000
 -4.3257705867290497e-002 -5.2892211824655533e-002 0.0000000000000000e+000
 -4.3671399354934692e-002 -5.2844364196062088e-002 0.0000000000000000e+000
 -4.4079963117837906e-002 -5.2901666611433029e-002 0.0000000000000000e+000
 -4.4489488005638123e-002 -5.2939161658287048e-002 0.0000000000000000e+000
 -4.4897515326738358e-002 -5.3007338196039200e-002 0.0000000000000000e+000
 -4.5312859117984772e-002 -5.2925530821084976e-002 0.0000000000000000e+000
 -4.5725300908088684e-002 -5.2903171628713608e-002 0.0000000000000000e+000
 -4.6133249998092651e-002 -5.2972886711359024e-002 0.0000000000000000e+000
 -4.6544250100851059e-002 -5.2980050444602966e-002 0.0000000000000000e+000
 -4.6959541738033295e-002 -5.2899204194545746e-002 0.0000000000000000e+000
 -4.7367900609970093e-002 -5.2960462868213654e-002 0.0000000000000000e+000
 -4.7780793160200119e-002 -5.2928723394870758e-002 0.0000000000000000e+000
 -4.8189800232648849e-002 -5.2976682782173157e-002 0.0000000000000000e+000
 -4.8599153757095337e-002 -5.3017519414424896e-002 0.0000000000000000e+000
 -4.9007862806320190e-002 -5.3071551024913788e-002 0.0000000000000000e+000
 -4.9416977912187576e-002 -5.3117226809263229e-002 0.0000000000000000e+000
 -4.9832802265882492e-002 -5.3025435656309128e-002 0.0000000000000000e+000
 -5.0241995602846146e-002 -5.3069513291120529e-002 0.0000000000000000e+000
 -5.0647772848606110e-002 -5.3183645009994507e-002 0.0000000000000000e+000
 -5.1062893122434616e-002 -5.3106334060430527e-002 0.0000000000000000e+000
 -5.1476281136274338e-002 -5.3064502775669098e-002 0.0000000000000000e+000
 -5.1885839551687241e-002 -5.3101141005754471e-002 0.0000000000000000e+000
 -5.2292432636022568e-002 -5.3198624402284622e-002 0.0000000000000000e+000
 -5.2694525569677353e-002 -5.3388271480798721e-002 0.0000000000000000e+000
 -5.3113922476768494e-002 -5.3223397582769394e-002 0.0000000000000000e+000
 -5.3525049239397049e-002 -5.3228076547384262e-002 0.0000000000000000e+000
 -5.3925875574350357e-002 -5.3443737328052521e-002 0.0000000000000000e+000
 -5.4356321692466736e-002 -5.3052686154842377e-002 0.0000000000000000e+000
 -5.4763168096542358e-002 -5.3145170211791992e-002 0.0000000000000000e+000
 -5.5174563080072403e-002 -5.3144440054893494e-002 0.0000000000000000e+000
 -5.5577710270881653e-002 -5.3312849253416061e-002 0.0000000000000000e+000
 -5.5987741798162460e-002 -5.3340200334787369e-002 0.0000000000000000e+000
 -5.6408166885375977e-002 -5.3154736757278442e-002 0.0000000000000000e+000
 -5.6819856166839600e-002 -5.3148258477449417e-002 0.0000000000000000e+000
 -5.7230032980442047e-002 -5.3172871470451355e-002 0.0000000000000000e+000
 -5.7647734880447388e-002 -5.3043317049741745e-002 0.0000000000000000e+000
 -5.8041613548994064e-002 -5.3402088582515717e-002 0.0000000000000000e+000
 -5.8467943221330643e-002 -5.3095936775207520e-002 0.0000000000000000e+000
 -5.8861374855041504e-002 -5.3464040160179138e-002 0.0000000000000000e+000
 -5.9699665755033493e-002 -5.3146615624427795e-002 0.0000000000000000e+000
 -6.0103591531515121e-002 -5.3299997001886368e-002 0.0000000000000000e+000
 -6.0517299920320511e-002 -5.3253054618835449e-002 0.0000000000000000e+000
 -6.0925178229808807e-002 -5.3325705230236053e-002 0.0000000000000000e+000
 -6.1334826052188873e-002 -5.3362168371677399e-002 0.0000000000000000e+000
 -6.1749748885631561e-002 -5.3290668874979019e-002 0.0000000000000000e+000
 -6.2158111482858658e-002 -5.3353779017925262e-002 0.0000000000000000e+000
 -6.2567591667175293e-002 -5.3394068032503128e-002 0.0000000000000000e+000
 -6.2980279326438904e-002 -5.3368888795375824e-002 0.0000000000000000e+000
 -6.3385404646396637e-002 -5.3498856723308563e-002 0.0000000000000000e+000
 -6.3800372183322906e-002 -5.3427193313837051e-002 0.0000000000000000e+000
 -6.4214847981929779e-002 -5.3365711122751236e-002 0.0000000000000000e+000
 -6.4625851809978485e-002 -5.3375780582427979e-002 0.0000000000000000e+000
 -6.5033219754695892e-002 -5.3460352122783661e-002 0.0000000000000000e+000
 -6.5448723733425140e-002 -5.3378485143184662e-002 0.0000000000000000e+000
 -6.5859578549861908e-002 -5.3392104804515839e-002 0.0000000000000000e+000
 -6.6268645226955414e-002 -5.3442645817995071e-002 0.0000000000000000e+000
 -6.6681772470474243e-002 -5.3409941494464874e-002 0.0000000000000000e+000
 -6.7087680101394653e-002 -5.3525693714618683e-002 0.0000000000000000e+000
 -6.7501060664653778e-002 -5.3488407284021378e-002 0.0000000000000000e+000
 -6.7913785576820374e-002 -5.3464785218238831e-002 0.0000000000000000e+000
 -6.8324819207191467e-002 -5.3476091474294662e-002 0.0000000000000000e+000
 -6.8733848631381989e-002 -5.3528793156147003e-002 0.0000000000000000e+000
 -6.9146566092967987e-002 -5.3506013005971909e-002 0.0000000000000000e+000
 -6.9557830691337585e-002 -5.3513504564762115e-002 0.0000000000000000e+000
 -6.9966427981853485e-002 -5.3575791418552399e-002 0.0000000000000000e+000
 -7.0376239717006683e-002 -5.3613569587469101e-002 0.0000000000000000e+000
 -7.0788778364658356e-002 -5.3595669567584991e-002 0.0000000000000000e+000
 -7.1201153099536896e-002 -5.3581453859806061e-002 0.0000000000000000e+000
 -7.1610078215599060e-002 -5.3638465702533722e-002 0.0000000000000000e+000
 -7.2022408246994019e-002 -5.3625755012035370e-002 0.0000000000000000e+000
 -7.2435066103935242e-002 -5.3606729954481125e-002 0.0000000000000000e+000
 -7.2840869426727295e-002 -5.3728710860013962e-002 0.0000000000000000e+000
 -7.3255322873592377e-002 -5.3673528134822845e-002 0.0000000000000000e+000
 -7.3665082454681396e-002 -5.3715050220489502e-002 0.0000000000000000e+000
 -7.4078448116779327e-002 -5.3682968020439148e-002 0.0000000000000000e+000
 -7.4485644698143005e-002 -5.3777892142534256e-002 0.0000000000000000e+000
 -7.4900217354297638e-002 -5.3721658885478973e-002 0.0000000000000000e+000
 -7.5312368571758270e-002 -5.3715731948614120e-002 0.0000000000000000e+000
 -7.5731657445430756e-002 -5.3563330322504044e-002 0.0000000000000000e+000
 -7.6144158840179443e-002 -5.3550962358713150e-002 0.0000000000000000e+000
 -7.6553039252758026e-002 -5.3613383322954178e-002 0.0000000000000000e+000
 -7.6969631016254425e-002 -5.3517796099185944e-002 0.0000000000000000e+000
 -7.7375270426273346e-002 -5.3647916764020920e-002 0.0000000000000000e+000
 -7.7786706387996674e-002 -5.3659282624721527e-002 0.0000000000000000e+000
 -7.8194379806518555e-002 -5.3748384118080139e-002 0.0000000000000000e+000
 -7.8605189919471741e-002 -5.3773641586303711e-002 0.0000000000000000e+000
 -7.9021029174327850e-002 -5.3695898503065109e-002 0.0000000000000000e+000
 -7.9435847699642181e-002 -5.3639631718397141e-002 0.0000000000000000e+000
 -7.9845048487186432e-002 -5.3699534386396408e-002 0.0000000000000000e+000
 -8.0259747803211212e-002 -5.3646791726350784e-002 0.0000000000000000e+000
 -8.0668047070503235e-002 -5.3726334124803543e-002 0.0000000000000000e+000
 -8.1089898943901062e-002 -5.3527370095252991e-002 0.0000000000000000e+000
 -8.1490471959114075e-002 -5.3767096251249313e-002 0.0000000000000000e+000
 -8.1905514001846313e-002 -5.3709603846073151e-002 0.0000000000000000e+000
 -8.2311876118183136e-002 -5.3831469267606735e-002 0.0000000000000000e+000
 -8.2729503512382507e-002 -5.3721886128187180e-002 0.0000000000000000e+000
 -8.3146236836910248e-002 -5.3631410002708435e-002 0.0000000000000000e+000
 -8.3550930023193359e-002 -5.3789526224136353e-002 0.0000000000000000e+000
 -8.3965532481670380e-002 -5.3744148463010788e-002 0.0000000000000000e+000
 -8.4379024803638458e-002 -5.3722303360700607e-002 0.0000000000000000e+000
 -8.4787942469120026e-002 -5.3795557469129562e-002 0.0000000000000000e+000
 -8.5199274122714996e-002 -5.3819760680198669e-002 0.0000000000000000e+000
 -8.5613667964935303e-002 -5.3781438618898392e-002 0.0000000000000000e+000
 -8.6022675037384033e-002 -5.3854942321777344e-002 0.0000000000000000e+000
 -8.6437530815601349e-002 -5.3808622062206268e-002 0.0000000000000000e+000
 -8.6851693689823151e-002 -5.3777307271957397e-002 0.0000000000000000e+000
 -8.7265178561210632e-002 -5.3760726004838943e-002 0.0000000000000000e+000
 -8.7670423090457916e-002 -5.3915038704872131e-002 0.0000000000000000e+000
 -8.8082253932952881e-002 -5.3934387862682343e-002 0.0000000000000000e+000
 -8.8496454060077667e-002 -5.3905431181192398e-002 0.0000000000000000e+000
 -8.8909715414047241e-002 -5.3896848112344742e-002 0.0000000000000000e+000
 -8.9320167899131775e-002 -5.3946953266859055e-002 0.0000000000000000e+000
 -8.9735560119152069e-002 -5.3896073251962662e-002 0.0000000000000000e+000
 -9.0148419141769409e-002 -5.3898237645626068e-002 0.0000000000000000e+000
 -9.0561591088771820e-002 -5.3894974291324615e-002 0.0000000000000000e+000
 -9.0970322489738464e-002 -5.3984452039003372e-002 0.0000000000000000e+000
 -9.1384999454021454e-002 -5.3951796144247055e-002 0.0000000000000000e+000
 -9.1802880167961121e-002 -5.3853966295719147e-002 0.0000000000000000e+000
 -9.2206627130508423e-002 -5.4049465805292130e-002 0.0000000000000000e+000
 -9.2627398669719696e-002 -5.3893614560365677e-002 0.0000000000000000e+000
 -9.3038663268089294e-002 -5.3935628384351730e-002 0.0000000000000000e+000
 -9.3445561826229095e-002 -5.4068960249423981e-002 0.0000000000000000e+000
 -9.3863777816295624e-002 -5.3969167172908783e-002 0.0000000000000000e+000
 -9.4273246824741364e-002 -5.4051481187343597e-002 0.0000000000000000e+000
 -9.4686865806579590e-002 -5.4048910737037659e-002 0.0000000000000000e+000
 -9.5099128782749176e-002 -5.4075617343187332e-002 0.0000000000000000e+000
 -9.5511421561241150e-002 -5.4102800786495209e-002 0.0000000000000000e+000
 -9.5924675464630127e-002 -5.4111249744892120e-002 0.0000000000000000e+000
 -9.6340611577033997e-002 -5.4065108299255371e-002 0.0000000000000000e+000
 -9.6752986311912537e-002 -5.4094195365905762e-002 0.0000000000000000e+000
 -9.7162432968616486e-002 -5.4185047745704651e-002 0.0000000000000000e+000
 -9.7579702734947205e-002 -5.4114986211061478e-002 0.0000000000000000e+000
 -9.7996063530445099e-002 -5.4064784198999405e-002 0.0000000000000000e+000
 -9.8404645919799805e-002 -5.4177537560462952e-002 0.0000000000000000e+000
 -9.8828889429569244e-002 -5.3966172039508820e-002 0.0000000000000000e+000
 -9.9229365587234497e-002 -5.4250065237283707e-002 0.0000000000000000e+000
 -9.9651083350181580e-002 -5.4093692451715469e-002 0.0000000000000000e+000
 -1.0006399452686310e-001 -5.4121695458889008e-002 0.0000000000000000e+000
 -1.0047576576471329e-001 -5.4174985736608505e-002 0.0000000000000000e+000
 -1.0089105367660522e-001 -5.4156325757503510e-002 0.0000000000000000e+000
 -1.0130585730075836e-001 -5.4149281233549118e-002 0.0000000000000000e+000
 -1.0170917958021164e-001 -5.4382555186748505e-002 0.0000000000000000e+000
 -1.0213368386030197e-001 -5.4176434874534607e-002 0.0000000000000000e+000
 -1.0254991799592972e-001 -5.4143842309713364e-002 0.0000000000000000e+000
 -1.0295450687408447e-001 -5.4355584084987640e-002 0.0000000000000000e+000
 -1.0337486863136292e-001 -5.4239936172962189e-002 0.0000000000000000e+000
 -1.0379140824079514e-001 -5.4205648601055145e-002 0.0000000000000000e+000
 -1.0420487821102142e-001 -5.4236952215433121e-002 0.0000000000000000e+000
 -1.0461872071027756e-001 -5.4262004792690277e-002 0.0000000000000000e+000
 -1.0503037273883820e-001 -5.4334495216608047e-002 0.0000000000000000e+000
 -1.0544697195291519e-001 -5.4305300116539001e-002 0.0000000000000000e+000
 -1.0586320608854294e-001 -5.4285395890474319e-002 0.0000000000000000e+000
 -1.0627741366624832e-001 -5.4309617727994919e-002 0.0000000000000000e+000
 -1.0668925940990448e-001 -5.4384827613830566e-002 0.0000000000000000e+000
 -1.0710931569337845e-001 -5.4290253669023514e-002 0.0000000000000000e+000
 -1.0752276331186295e-001 -5.4335609078407288e-002 0.0000000000000000e+000
 -1.0794275999069214e-001 -5.4245699197053909e-002 0.0000000000000000e+000
 -1.0835994035005569e-001 -5.4216600954532623e-002 0.0000000000000000e+000
 1.0882506154536151e-001 -3.4523385180923453e-002 3.0221482032661236e-002
 1.0840117223674949e-001 -3.4374359299290801e-002 3.0221554350086260e-002
 1.0798901079422803e-001 -3.4473824225952097e-002 3.0221602740901462e-002
 1.0757299914096757e-001 -3.4493168369020610e-002 3.0221658855930433e-002
 1.0715625438298783e-001 -3.4498114790855364e-002 3.0221716364734412e-002
 1.0673813341441196e-001 -3.4475085269299231e-002 3.0221776575043949e-002
 1.0632289581006379e-001 -3.4513938203632452e-002 3.0221830832015656e-002
 1.0590768168475075e-001 -3.4554352018044368e-002 3.0221884945673079e-002
 1.0548581043814402e-001 -3.4455459648625987e-002 3.0221952484258283e-002
 1.0507511460437324e-001 -3.4593204609723899e-002 3.0221997236606093e-002
 1.0465711097985438e-001 -3.4577908708064306e-002 3.0222056736702044e-002
 1.0424032627512222e-001 -3.4589441473688462e-002 3.0222113660104185e-002
 1.0382570615529894e-001 -3.4647661751293475e-002 3.0222166093481873e-002
 1.0340037371737949e-001 -3.4481165295939448e-002 3.0222240179128439e-002
 1.0298983308052943e-001 -3.4627474589545452e-002 3.0222284141463510e-002
 1.0257296073648124e-001 -3.4641454934819488e-002 3.0222340857444768e-002
 1.0215700455388105e-001 -3.4675707653428228e-002 3.0222395627094497e-002
 1.0173883241524341e-001 -3.4664356956912862e-002 3.0222454796642234e-002
 1.0132449683993826e-001 -3.4734863039571601e-002 3.0222506088112559e-002
 1.0090236181712924e-001 -3.4642125041812369e-002 3.0222573111180210e-002
 1.0048466875595025e-001 -3.4644192498395635e-002 3.0222631010169355e-002
 1.0007549534753346e-001 -3.4826673382640692e-002 3.0222671536897030e-002
 9.9650533126010701e-002 -3.4677607297689164e-002 3.0222744007128790e-002
 9.9237722174875878e-002 -3.4785577533377236e-002 3.0222791725129636e-002
 9.8812700929862080e-002 -3.4637316153965050e-002 3.0222864131367357e-002
 9.8397379780348668e-002 -3.4694601889766474e-002 3.0222916746081751e-002
 9.7987499030441447e-002 -3.4867408703482261e-002 3.0222958239174279e-002
 9.7568865633925667e-002 -3.4856997113495297e-002 3.0223017388603717e-002
 9.7149468856856699e-002 -3.4831532172879660e-002 3.0223077994844385e-002
 9.6729233028483089e-002 -3.4789400885173273e-002 3.0223140213144491e-002
 9.6311222406637836e-002 -3.4795365225759649e-002 3.0223197806647468e-002
 9.5894491092129469e-002 -3.4829242249771554e-002 3.0223252717796245e-002
 9.5486407989678307e-002 -3.5046162664222509e-002 3.0223290002833803e-002
 9.5062074765841484e-002 -3.4922089104022724e-002 3.0223360143153542e-002
 9.4641040911069757e-002 -3.4868514297935874e-002 3.0223423499192107e-002
 9.4225190229696193e-002 -3.4925051632636393e-002 3.0223476254693286e-002
 9.3807774248287373e-002 -3.4949701604693469e-002 3.0223532088945237e-002
 9.3390661681687567e-002 -3.4981816841291695e-002 3.0223587211186630e-002
 9.2966627462291868e-002 -3.4869418127936515e-002 3.0223656262406171e-002
 9.2557081903582666e-002 -3.5062739878510024e-002 3.0223695868193116e-002
 9.2136521785005310e-002 -3.5025503857723322e-002 3.0223757692363386e-002
 9.1712504958125315e-002 -3.4916554751508955e-002 3.0223826431649815e-002
 9.1298952002795294e-002 -3.5028753728665721e-002 3.0223873873411935e-002
 9.0879672679374787e-002 -3.5021490476294041e-002 3.0223932830180884e-002
 9.0459289619791647e-002 -3.4992140769217694e-002 3.0223993922133208e-002
 9.0045307746711059e-002 -3.5098476447714362e-002 3.0224041949622662e-002
 8.9625576785212338e-002 -3.5084839548189854e-002 3.0224101541069227e-002
 8.9199915292837939e-002 -3.4947590592130359e-002 3.0224173048254976e-002
 8.8789899965633870e-002 -3.5140383690624381e-002 3.0224212766801112e-002
 8.8370950568196854e-002 -3.5146344983927061e-002 3.0224270491123847e-002
 8.7957494413171813e-002 -3.5268780991540946e-002 3.0224317000911771e-002
 8.7533772608146973e-002 -3.5176308635475197e-002 3.0224384220803122e-002
 8.7111572284844577e-002 -3.5116949294522498e-002 3.0224448258065952e-002
 8.6692663783172433e-002 -3.5127954602648490e-002 3.0224505524129665e-002
 8.6274769672600338e-002 -3.5161132111705289e-002 3.0224560659740801e-002
 8.5854228420189277e-002 -3.5139702488087954e-002 3.0224621063065400e-002
 8.5440693572318066e-002 -3.5266657330828143e-002 3.0224667178345845e-002
 8.5017558873747054e-002 -3.5192755127645428e-002 3.0224732650395124e-002
 8.4602065925612216e-002 -3.5280387210087458e-002 3.0224782566187065e-002
 8.4185181733891931e-002 -3.5339860820724323e-002 3.0224835201952335e-002
 8.3759235052547218e-002 -3.5210066378436801e-002 3.0224906079943506e-002
 8.3344886663697701e-002 -3.5324728347595404e-002 3.0224953411327901e-002
 8.2922398735399125e-002 -3.5269478210612597e-002 3.0225017119888595e-002
 8.2503550523703797e-002 -3.5291748755950779e-002 3.0225073366799842e-002
 8.2084975273413782e-002 -3.5320583067340636e-002 3.0225128986821951e-002
 8.1665205515958988e-002 -3.5325442266916647e-002 3.0225186924109016e-002
 8.1244490776756842e-002 -3.5311388845280796e-002 3.0225246689732199e-002
 8.0826606308764593e-002 -3.5357917791231423e-002 3.0225300626050541e-002
 8.0408790569440711e-002 -3.5406763818705070e-002 3.0225354344912331e-002
 7.9987465184842566e-002 -3.5382812739228268e-002 3.0225415083515061e-002
 7.9566889528010123e-002 -3.5375643555382849e-002 3.0225474212112167e-002
 7.9145512583951791e-002 -3.5352515802510948e-002 3.0225534884012143e-002
 7.8732564185347062e-002 -3.5507447159027691e-002 3.0225578407560245e-002
 7.8314267810075763e-002 -3.5551033422376747e-002 3.0225632665189430e-002
 7.7891485991168144e-002 -3.5501505545016888e-002 3.0225695901191355e-002
 7.7471178643232483e-002 -3.5504774433488505e-002 3.0225754055925848e-002
 7.7054261214746969e-002 -3.5580125259458639e-002 3.0225805271736760e-002
 7.6635619616121475e-002 -3.5620254701852122e-002 3.0225859887534547e-002
 7.6211433455074057e-002 -3.5545064307288057e-002 3.0225925621382842e-002
 7.5793443844224470e-002 -3.5600753820371575e-002 3.0225978750394462e-002
 7.5374577461038650e-002 -3.5639128812929063e-002 3.0226033554868092e-002
 7.4948713770448164e-002 -3.5531399210806919e-002 3.0226102441560321e-002
 7.4534206292133129e-002 -3.5663056073569309e-002 3.0226148270208267e-002
 7.4111135641383233e-002 -3.5615938668253126e-002 3.0226211330096654e-002
 7.3695366156771608e-002 -3.5723005794894194e-002 3.0226259540542897e-002
 7.3272448163155771e-002 -3.5680936048975681e-002 3.0226322126303693e-002
 7.2854334763182538e-002 -3.5740600537231951e-002 3.0226374915876528e-002
 7.2430033705672303e-002 -3.5671381867530792e-002 3.0226440129891924e-002
 7.2011157500902631e-002 -3.5716790217071130e-002 3.0226494304666437e-002
 7.1590436097990151e-002 -3.5724458973555917e-002 3.0226552122203258e-002
 7.1169927268932801e-002 -3.5737607479950591e-002 3.0226609418511321e-002
 7.0751075815782022e-002 -3.5786338771414142e-002 3.0226663291694343e-002
 7.0328502969470630e-002 -3.5757936869836110e-002 3.0226724603117462e-002
 6.9908631506839000e-002 -3.5787032887771256e-002 3.0226780379909644e-002
 6.9486884610587482e-002 -3.5777789562595634e-002 3.0226839857480998e-002
 6.9067839092634822e-002 -3.5826036706354557e-002 3.0226893801090657e-002
 6.8647946822586889e-002 -3.5857271056497726e-002 3.0226949388915389e-002
 6.8227820826889649e-002 -3.5884687151907103e-002 3.0227005351833314e-002
 6.7806689276253704e-002 -3.5891849565000307e-002 3.0227063271836812e-002
 6.7384832049953436e-002 -3.5884584449164245e-002 3.0227122587256707e-002
 6.6963247849629329e-002 -3.5883972506323344e-002 3.0227181267756489e-002
 6.6541838284202195e-002 -3.5887890391522778e-002 3.0227239517534640e-002
 6.6121564197067884e-002 -3.5916580643496759e-002 3.0227295386723051e-002
 6.5700859378818408e-002 -3.5936896751814433e-002 3.0227352067175438e-002
 6.5283998386148318e-002 -3.6038808863673388e-002 3.0227400891938507e-002
 6.4864149780340330e-002 -3.6078920551341806e-002 3.0227455677176017e-002
 6.4436199579422357e-002 -3.5950077505316994e-002 3.0227526748413454e-002
 6.4015572947496976e-002 -3.5975489755603364e-002 3.0227582960744102e-002
 6.3596021201839908e-002 -3.6024307234534807e-002 3.0227636923576825e-002
 6.3175985887642797e-002 -3.6063804383991691e-002 3.0227691789917219e-002
 6.2752607367234634e-002 -3.6034002354780048e-002 3.0227753339003408e-002
 6.2331650407731330e-002 -3.6055950322770230e-002 3.0227809908100711e-002
 6.1906018829058128e-002 -3.5980753521540940e-002 3.0227875843523939e-002
 6.1490592929854627e-002 -3.6119958487692838e-002 3.0227921122637391e-002
 6.1064807513925637e-002 -3.6043238153445428e-002 3.0227987216151605e-002
 6.0652450413051409e-002 -3.6248333854951853e-002 3.0228026156499589e-002
 6.0223239196909861e-002 -3.6101431507659966e-002 3.0228099023457067e-002
 5.9800750051632011e-002 -3.6096077922625654e-002 3.0228158255240486e-002
 5.9375923919623430e-002 -3.6042598987699029e-002 3.0228222130031977e-002
 5.8962041020824710e-002 -3.6218921641521767e-002 3.0228263864206999e-002
 5.8531636927932271e-002 -3.6050301707739048e-002 3.0228338845647226e-002
 5.8092912087202582e-002 -3.5708454289471267e-002 3.0228430526933522e-002
 5.7691951666586819e-002 -3.6157388149684958e-002 3.0228446004183427e-002
 5.7279504648570415e-002 -3.6366935639181558e-002 3.0228484557600556e-002
 5.6848524088974971e-002 -3.6189319543356892e-002 3.0228560426381113e-002
 5.6428093365080673e-002 -3.6233242624399635e-002 3.0228614950592477e-002
 5.6006672199950515e-002 -3.6257206310219850e-002 3.0228671403382913e-002
 5.5581639391557518e-002 -3.6206413459555019e-002 3.0228735065907120e-002
 5.5158203302475742e-002 -3.6189746848886095e-002 3.0228795444429080e-002
 5.4737127972419052e-002 -3.6223172524723159e-002 3.0228851000154655e-002
 5.4314642352619943e-002 -3.6227858597074898e-002 3.0228909330643913e-002
 5.3892142135684752e-002 -3.6232965637880872e-002 3.0228967625391838e-002
 5.3471163029189639e-002 -3.6270671603874843e-002 3.0229022783689365e-002
 5.3047464859607381e-002 -3.6252190965645914e-002 3.0229083361419135e-002
 5.2630503705093222e-002 -3.6375318683541560e-002 3.0229130296549670e-002
 5.2204435007724377e-002 -3.6308694093188251e-002 3.0229195523620817e-002
 5.1776381126837842e-002 -3.6201353503167638e-002 3.0229264679977462e-002
 5.1358067421022925e-002 -3.6298315752134991e-002 3.0229314150879451e-002
 5.0936259293945164e-002 -3.6322927918107317e-002 3.0229370599296299e-002
 5.0514852593401868e-002 -3.6356603427782644e-002 3.0229426178686094e-002
 5.0093968390443104e-002 -3.6401920095268860e-002 3.0229480640919418e-002
 4.9669498944100776e-002 -3.6372927242153949e-002 3.0229542269107037e-002
 4.9248922136833247e-002 -3.6426063073975445e-002 3.0229595987022715e-002
 4.8827903279988719e-002 -3.6470627329878602e-002 3.0229650535490839e-002
 4.8405186566789014e-002 -3.6480298008831055e-002 3.0229708450874328e-002
 4.7974875413672576e-002 -3.6332044175215988e-002 3.0229781592050815e-002
 4.7555987452706186e-002 -3.6423072449955754e-002 3.0229831675232119e-002
 4.7137092428586283e-002 -3.6514637171737432e-002 3.0229881711263149e-002
 4.6713999465562428e-002 -3.6519156044621380e-002 3.0229940141211591e-002
 4.6292219453168519e-002 -3.6551747764156796e-002 3.0229995869756818e-002
 4.5867883040342776e-002 -3.6531580029944812e-002 3.0230056687614793e-002
 4.5448048083467189e-002 -3.6606064970165580e-002 3.0230108386829085e-002
 4.5024817042598891e-002 -3.6610248666559903e-002 3.0230166866052229e-002
 4.4599612080175231e-002 -3.6573835564473398e-002 3.0230229262299502e-002
 4.4177562079325425e-002 -3.6603979962646783e-002 3.0230285247974231e-002
 4.3749052280121187e-002 -3.6499813650051220e-002 3.0230354182920315e-002
 4.3332060120930251e-002 -3.6636751045021537e-002 3.0230399883295074e-002
 4.2897344460143511e-002 -3.6404286458343010e-002 3.0230481192736722e-002
 4.2486839833650474e-002 -3.6677829323464917e-002 3.0230513734087097e-002
 4.2058290231991535e-002 -3.6575290991894133e-002 3.0230582528498227e-002
 4.1638073509148166e-002 -3.6647302614442642e-002 3.0230634502718335e-002
 4.1212490099787773e-002 -3.6607853673307295e-002 3.0230697223981869e-002
 4.0788688642056259e-002 -3.6606259854934625e-002 3.0230756300912317e-002
 4.0372558064462258e-002 -3.6765268978334771e-002 3.0230799901099076e-002
 3.9944078695434322e-002 -3.6667130165012350e-002 3.0230868290998768e-002
 3.9522642418844255e-002 -3.6716593480386972e-002 3.0230922457947389e-002
 3.9097670094410196e-002 -3.6692808947637885e-002 3.0230983688751056e-002
 3.8673583252022470e-002 -3.6688082365431800e-002 3.0231043086453042e-002
 3.8245309821478037e-002 -3.6596552070061773e-002 3.0231110854768470e-002
 3.7826046153441685e-002 -3.6693496378659672e-002 3.0231160459382109e-002
 3.7406363096966051e-002 -3.6782297503467093e-002 3.0231210852959638e-002
 3.6977107453304965e-002 -3.6671884416104680e-002 3.0231280452112177e-002
 3.6560855684577245e-002 -3.6833307615765372e-002 3.0231323852549855e-002
 3.6135935308015142e-002 -3.6814395726459753e-002 3.0231384638933819e-002
 3.5711457885021905e-002 -3.6805307110281293e-002 3.0231444482331636e-002
 3.5290407569800911e-002 -3.6868210997752872e-002 3.0231497389658874e-002
 3.4861717457411852e-002 -3.6772285159640136e-002 3.0231565610306342e-002
 3.4435599615174506e-002 -3.6730459868665084e-002 3.0231628619105191e-002
 3.4008801363048791e-002 -3.6674985601940970e-002 3.0231692947170430e-002
 3.3595116563565307e-002 -3.6893485860280545e-002 3.0231730869430422e-002
 3.3167248689399090e-002 -3.6816737227707265e-002 3.0231797255070803e-002
 3.2748560634475392e-002 -3.6931812113120882e-002 3.0231845152881402e-002
 3.2320394706584259e-002 -3.6849863189217583e-002 3.0231912046563083e-002
 3.1903753532978529e-002 -3.7008552306335186e-002 3.0231955746465859e-002
 3.1475679070226130e-002 -3.6929453164183529e-002 3.0232022371732947e-002
 3.1049238851413502e-002 -3.6884856489343289e-002 3.0232085674022774e-002
 3.0633097952798258e-002 -3.7055365594301726e-002 3.0232128243813911e-002
 3.0201329293138283e-002 -3.6900682960628740e-002 3.0232202164492884e-002
 2.9781560017053361e-002 -3.6996476519391801e-002 3.0232251942667022e-002
 2.9353975137704928e-002 -3.6929867925228614e-002 3.0232317379143524e-002
 2.8939074223724225e-002 -3.7128002894585822e-002 3.0232357297783403e-002
 2.8505952832503224e-002 -3.6946905197600639e-002 3.0232433776653647e-002
 2.8082109522462206e-002 -3.6959575549670200e-002 3.0232491579557572e-002
 2.7663801803307308e-002 -3.7088038857166161e-002 3.0232538223208223e-002
 2.7236990068879297e-002 -3.7039687357058891e-002 3.0232601914061161e-002
 2.6813342490868496e-002 -3.7057729437755524e-002 3.0232659207770525e-002
 2.6389500394221319e-002 -3.7072079895304748e-002 3.0232716859758983e-002
 2.5967273611046383e-002 -3.7120511875925646e-002 3.0232771229171687e-002
 2.5545275942220873e-002 -3.7174114395336293e-002 3.0232825102799350e-002
 2.5119602277842830e-002 -3.7151544814061847e-002 3.0232886322120515e-002
 2.4694698580109552e-002 -3.7145410661715027e-002 3.0232945959708206e-002
 2.4265990314076502e-002 -3.7060455819459305e-002 3.0233013198512276e-002
 2.3848061491298606e-002 -3.7200314519255762e-002 3.0233058767026873e-002
 2.3423760001973555e-002 -3.7207870377340906e-002 3.0233117092541072e-002
 2.3001567348211589e-002 -3.7259714700102253e-002 3.0233171151036815e-002
 2.2575530372975185e-002 -3.7231855467638020e-002 3.0233232895491728e-002
 2.2150531882148890e-002 -3.7226000780597311e-002 3.0233292521186467e-002
 2.1727649771630077e-002 -3.7264564937977730e-002 3.0233347867115307e-002
 2.1299612835479598e-002 -3.7196161079916530e-002 3.0233413527534204e-002
 2.0879365530495221e-002 -3.7290304679898224e-002 3.0233463520224987e-002
 2.0455037487083248e-002 -3.7299779082157730e-002 3.0233521677291257e-002
 2.0031846259970624e-002 -3.7333299418430728e-002 3.0233577518760584e-002
 1.9606612909962868e-002 -3.7324636031404998e-002 3.0233637429124278e-002
 1.9178297361740863e-002 -3.7252160631222782e-002 3.0233703493604387e-002
 1.8758454015858132e-002 -3.7356295170600892e-002 3.0233752533687815e-002
 1.8332255057798872e-002 -3.7328529187406138e-002 3.0233814292301348e-002
 1.7904244679412443e-002 -3.7263370038847353e-002 3.0233879657896964e-002
 1.7481467090526167e-002 -3.7307387947136929e-002 3.0233934499955567e-002
 1.7057978694847317e-002 -3.7336933612263506e-002 3.0233990739374869e-002
 1.6634157698158628e-002 -3.7359867125625341e-002 3.0234047618318192e-002
 1.6212324420245280e-002 -3.7424447959637210e-002 3.0234100484061097e-002
 1.5782893068601273e-002 -3.7331230943608656e-002 3.0234168564737575e-002
 1.5365627109123200e-002 -3.7491392002008198e-002 3.0234212219453924e-002
 1.4939184040539646e-002 -3.7460903007208848e-002 3.0234274256334560e-002
 1.4516580020279475e-002 -3.7510553430520323e-002 3.0234328568881697e-002
 1.4088222674700045e-002 -3.7440812424306393e-002 3.0234394393831840e-002
 1.3665747646897618e-002 -3.7493692581974339e-002 3.0234448398654745e-002
 1.3239155039839783e-002 -3.7461184587315254e-002 3.0234510637484120e-002
 1.2816777767743934e-002 -3.7516597872434942e-002 3.0234564401429329e-002
 1.2391942327558773e-002 -3.7521155256692675e-002 3.0234623070231618e-002
 1.1961623024594277e-002 -3.7411908953694804e-002 3.0234692712607637e-002
 1.1536367186624402e-002 -3.7408215121444641e-002 3.0234752180207363e-002
 1.1117081549300871e-002 -3.7528900727077472e-002 3.0234799657698465e-002
 1.0690410603549848e-002 -3.7496243777346380e-002 3.0234861920786567e-002
 1.0274687069145774e-002 -3.7691436360729469e-002 3.0234902217824534e-002
 9.8421287019651669e-003 -3.7536828803228388e-002 3.0234976241584232e-002
 9.4175932472494398e-003 -3.7549261236542078e-002 3.0235034162085114e-002
 8.9922835674642251e-003 -3.7545809587109409e-002 3.0235093615442347e-002
 8.5665655728704212e-003 -3.7534073184820924e-002 3.0235153868925790e-002
 8.1448614529450077e-003 -3.7605981573450208e-002 3.0235206059246289e-002
 7.7187230148288068e-003 -3.7585930624735531e-002 3.0235267117215782e-002
 7.2939831332376488e-003 -3.7595137103464661e-002 3.0235325355591681e-002
 6.8679518097889344e-003 -3.7577682605393792e-002 3.0235386165700373e-002
 6.4431417752154711e-003 -3.7585823701490252e-002 3.0235444509422761e-002
 6.0241770319500098e-003 -3.7715609961901229e-002 3.0235491125737955e-002
 5.6002470531290238e-003 -3.7742388054547889e-002 3.0235547674883147e-002
 5.1704966296366364e-003 -3.7648396408380087e-002 3.0235615869433186e-002
 4.7481927067800269e-003 -3.7709300719834984e-002 3.0235669130498473e-002
 4.3232329723051667e-003 -3.7715199298712997e-002 3.0235727696247047e-002
 3.8950170181421412e-003 -3.7653605402357293e-002 3.0235792770539366e-002
 3.4793443121690294e-003 -3.7852765384217384e-002 3.0235832704536010e-002
 3.0504988771601848e-003 -3.7778405369357823e-002 3.0235899011798531e-002
 2.6236634789252858e-003 -3.7745968330582531e-002 3.0235961278024016e-002
 2.1966277373603000e-003 -3.7709511847236123e-002 3.0236023932752213e-002
 1.7738759561627140e-003 -3.7762183588472116e-002 3.0236077994760580e-002
 1.3493923458430259e-003 -3.7779023003897134e-002 3.0236135512637402e-002
 9.2854193350922919e-004 -3.7871449680189705e-002 3.0236185743246661e-002
 5.0146286538433249e-004 -3.7834643050756872e-002 3.0236248435416568e-002
 7.4583982365741949e-005 -3.7802120361688535e-002 3.0236310715373992e-002
 -3.4671042755831364e-004 -3.7885696066625535e-002 3.0236361801875222e-002
 -7.7141737322793233e-004 -3.7898516054084862e-002 3.0236419711450545e-002
 -1.2029833163595656e-003 -3.7769023693471210e-002 3.0236491343753374e-002
 -1.6206248365518297e-003 -3.7928782691654686e-002 3.0236535086769958e-002
 -2.0455622453391955e-003 -3.7937143671928082e-002 3.0236593428476018e-002
 -2.4673191496888567e-003 -3.8011644901393096e-002 3.0236645393495215e-002
 -2.8967439317620488e-003 -3.7927040754001419e-002 3.0236712700472217e-002
 -3.3226883761320650e-003 -3.7914790425067513e-002 3.0236773031557664e-002
 -3.7434726923373531e-003 -3.8009757702259700e-002 3.0236823025021266e-002
 -4.1721043452651631e-003 -3.7941905616823784e-002 3.0236888718634052e-002
 -4.5942878775821691e-003 -3.8007991721465288e-002 3.0236941498023657e-002
 -5.0281255556811014e-003 -3.7832236609460348e-002 3.0237017597139787e-002
 -5.4452300018309656e-003 -3.8003904975897583e-002 3.0237060196907823e-002
 -5.8695854181573179e-003 -3.8025125241253538e-002 3.0237117303888100e-002
 -6.2984886090283743e-003 -3.7952035592424674e-002 3.0237183505199123e-002
 -6.7176191249768277e-003 -3.8081825697852144e-002 3.0237230144221708e-002
 -7.1469623492115128e-003 -3.7999732337863197e-002 3.0237297214577952e-002
 -7.5733882101468629e-003 -3.7978239909016887e-002 3.0237358441852703e-002
 -8.0021489259101113e-003 -3.7908350182476944e-002 3.0237424336239462e-002
 -8.4158469549497714e-003 -3.8151087195276302e-002 3.0237460085706866e-002
 -8.8419403603726618e-003 -3.8136650227959167e-002 3.0237520633702050e-002
 -9.2747888048618273e-003 -3.7982083858163082e-002 3.0237594694104419e-002
 -9.6923349048792882e-003 -3.8145083790823549e-002 3.0237638133060411e-002
 -1.0116100424248988e-002 -3.8179066477980604e-002 3.0237694012906716e-002
 -1.0543188364788934e-002 -3.8144159753495707e-002 3.0237756535842271e-002
 -1.0965663244481708e-002 -3.8204982232012352e-002 3.0237809828023279e-002
 -1.1400558998709634e-002 -3.8008142735673510e-002 3.0237887966062967e-002
 -1.1817331595124674e-002 -3.8187317324319278e-002 3.0237929846191371e-002
 -1.2246450369692900e-002 -3.8110383330615269e-002 3.0237996422413687e-002
 -1.2667997647979573e-002 -3.8190554301973142e-002 3.0238047849567098e-002
 -1.3092116658327555e-002 -3.8217369784055717e-002 3.0238104421644308e-002
 -1.3520541403357279e-002 -3.8154889419175393e-002 3.0238169604509136e-002
 -1.3939426183961422e-002 -3.8290297086339117e-002 3.0238215705326418e-002
 -1.4369202007336835e-002 -3.8199822133460473e-002 3.0238283587874785e-002
 -1.4792094698012157e-002 -3.8252106546174343e-002 3.0238337704230938e-002
 -1.5214889059488691e-002 -3.8306428622188859e-002 3.0238391624084954e-002
 -1.5638549485572212e-002 -3.8342787969265567e-002 3.0238447276072184e-002
 -1.6067189779110265e-002 -3.8275867212883875e-002 3.0238512887323439e-002
 -1.6489435767761122e-002 -3.8341551031177389e-002 3.0238565711493200e-002
 -1.6916291939888174e-002 -3.8311621128420147e-002 3.0238627755655816e-002
 -1.7345396499790430e-002 -3.8235026125954155e-002 3.0238694299485596e-002
 -1.7766048433529413e-002 -3.8333726049373879e-002 3.0238743939629994e-002
 -1.8194266127641148e-002 -3.8275525894608121e-002 3.0238808709662279e-002
 -1.8618074108058026e-002 -3.8308744927724347e-002 3.0238864663931754e-002
 -1.9045752906684886e-002 -3.8261679279315813e-002 3.0238928359986351e-002
 -1.9468010351010624e-002 -3.8326975675592387e-002 3.0238981220510417e-002
 -1.9888210440358465e-002 -3.8434913994991042e-002 3.0239029968910154e-002
 -2.0316955808349527e-002 -3.8365642655714877e-002 3.0239095805678119e-002
 -2.0737365820605431e-002 -3.8469192733626784e-002 3.0239144977002853e-002
 -2.1165492880928092e-002 -3.8412691246215290e-002 3.0239209582019387e-002
 -2.1586037244887259e-002 -3.8513328243397989e-002 3.0239259033402004e-002
 -2.2012740463078658e-002 -3.8486277880313655e-002 3.0239320797929362e-002
 -2.2442957108333099e-002 -3.8386352181893818e-002 3.0239389589742569e-002
 -2.2859054026804045e-002 -3.8579071441551031e-002 3.0239430160621309e-002
 -2.3294359274684463e-002 -3.8373604466412303e-002 3.0239509129702070e-002
 -2.3714699561952893e-002 -3.8478272081343558e-002 3.0239558191060310e-002
 -2.4136866555440287e-002 -3.8545013825301185e-002 3.0239610909323065e-002
 -2.4562060993263368e-002 -3.8548964246361540e-002 3.0239669682507155e-002
 -2.4992536894178508e-002 -3.8443398644222644e-002 3.0239739016410430e-002
 -2.5412043427507393e-002 -3.8565134941526087e-002 3.0239786430346523e-002
 -2.5835339461170868e-002 -3.8608281506095965e-002 3.0239841422681109e-002
 -2.6261744238212259e-002 -3.8586967876002562e-002 3.0239902630981291e-002
 -2.6688854411682120e-002 -3.8550936129615847e-002 3.0239965257950665e-002
 -2.7109295237862294e-002 -3.8653085520270469e-002 3.0240014559236448e-002
 -2.7533710904312798e-002 -3.8672767283852272e-002 3.0240071812636524e-002
 -2.7962869079180545e-002 -3.8594149486956900e-002 3.0240138545416368e-002
 -2.8391800381697238e-002 -3.8520176964403546e-002 3.0240204829852062e-002
 -2.8811885932277587e-002 -3.8629385525397360e-002 3.0240253448352138e-002
 -2.9235827117413304e-002 -3.8658700549482158e-002 3.0240309771430610e-002
 -2.9663423572250686e-002 -3.8612171283543571e-002 3.0240373407907774e-002
 -3.0085054151701797e-002 -3.8689190718661927e-002 3.0240425129415289e-002
 -3.0514653202257609e-002 -3.8601047670439106e-002 3.0240492778152453e-002
 -3.0936066432436148e-002 -3.8682421814059412e-002 3.0240544078710994e-002
 -3.1362772419954513e-002 -3.8654116029822216e-002 3.0240605956265570e-002
 -3.1785265486698175e-002 -3.8712967842400116e-002 3.0240659427792825e-002
 -3.2206860393403570e-002 -3.8790378407336484e-002 3.0240711109245727e-002
 -3.2630822829028301e-002 -3.8818639189343765e-002 3.0240767529870712e-002
 -3.3055609713440695e-002 -3.8829820106384673e-002 3.0240825597627214e-002
 -3.3483157475852995e-002 -3.8783655883822175e-002 3.0240889194579838e-002
 -3.3913223971474622e-002 -3.8685305875161329e-002 3.0240957824135124e-002
 -3.4333582491531636e-002 -3.8787939494235535e-002 3.0241007070528212e-002
 -3.4757484676819231e-002 -3.8817094302629696e-002 3.0241063402558641e-002
 -3.5181995773147991e-002 -3.8833594736401605e-002 3.0241120954672657e-002
 -3.5609887933932410e-002 -3.8779957828314802e-002 3.0241185270000869e-002
 -3.6032807020944656e-002 -3.8829221048884970e-002 3.0241239661102860e-002
 -3.6457503632088550e-002 -3.8841601444512340e-002 3.0241297608683246e-002
 -3.6885751412850637e-002 -3.8780428529054438e-002 3.0241362649629053e-002
 -3.7307865089160820e-002 -3.8846201658778737e-002 3.0241415447386000e-002
 -3.7728976653324121e-002 -3.8932619628887472e-002 3.0241466253439649e-002
 -3.8157549867014931e-002 -3.8864443400906064e-002 3.0241531968009418e-002
 -3.8579682680957447e-002 -3.8929508739113598e-002 3.0241584831933937e-002
 -3.9004859880607291e-002 -3.8931536897436531e-002 3.0241643775195073e-002
 -3.9437336150533304e-002 -3.8782282524176183e-002 3.0241717307226173e-002
 -3.9857744522600200e-002 -3.8882945500180871e-002 3.0241766737366792e-002
 -4.0280773824958434e-002 -3.8929187589143543e-002 3.0241821414865078e-002
 -4.0706250003848664e-002 -3.8924733956613160e-002 3.0241880981278214e-002
 -4.1127638112112619e-002 -3.9004785603694241e-002 3.0241932397003724e-002
 -4.1553802708393366e-002 -3.8985911865908239e-002 3.0241993352986031e-002
 -4.1982784844934888e-002 -3.8908608969686530e-002 3.0242059943307056e-002
 -4.2402267017747096e-002 -3.9027968513575498e-002 3.0242107567108743e-002
 -4.2832032078732360e-002 -3.8934341956522255e-002 3.0242175730936807e-002
 -4.3251525691076723e-002 -3.9053336430130148e-002 3.0242223389085048e-002
 -4.3677996832865877e-002 -3.9027820719431415e-002 3.0242284983643789e-002
 -4.4102391877541253e-002 -3.9045107105842677e-002 3.0242342449100377e-002
 -4.4528265598939999e-002 -3.9031809918988199e-002 3.0242402864279944e-002
 -4.4948096005722145e-002 -3.9143544043181579e-002 3.0242451220694602e-002
 -4.5380100211211132e-002 -3.9003155522171221e-002 3.0242523891595562e-002
 -4.5798346088850320e-002 -3.9147611460361414e-002 3.0242569091714657e-002
 -4.6230093221487023e-002 -3.9012419534987255e-002 3.0242641260604719e-002
 -4.6652760160877875e-002 -3.9065217874851010e-002 3.0242695299455957e-002
 -4.7075824249971254e-002 -3.9109716552630201e-002 3.0242750138218508e-002
 -4.7497296232891846e-002 -3.9187112127622874e-002 3.0242801803922567e-002
 -4.7924925072877447e-002 -3.9137006605468858e-002 3.0242865765781255e-002
 -4.8347913585385122e-002 -3.9182987894584215e-002 3.0242920461007447e-002
 -4.8774649985098520e-002 -3.9151258589648130e-002 3.0242982649965066e-002
 -4.9201704103497751e-002 -3.9112891045160122e-002 3.0243045478717884e-002
 -4.9626647972994736e-002 -3.9118189840687996e-002 3.0243104096075571e-002
 -5.0046429649685462e-002 -3.9230341162307822e-002 3.0243152408280953e-002
 -5.0475855057269196e-002 -3.9142775408820170e-002 3.0243219981073766e-002
 -5.0899131217103183e-002 -3.9182490965790802e-002 3.0243275278490366e-002
 -5.1325096279879884e-002 -3.9166515360493030e-002 3.0243335946691818e-002
 -5.1748357350225059e-002 -3.9206491676953510e-002 3.0243391218613538e-002
 -5.2173259784163005e-002 -3.9212423742068916e-002 3.0243449773389348e-002
 -5.2600317843087691e-002 -3.9173758177126448e-002 3.0243512629429894e-002
 -5.3025515229646124e-002 -3.9173625681100978e-002 3.0243571769362002e-002
 -5.3443232251445691e-002 -3.9328210304260432e-002 3.0243615987146415e-002
 -5.3870509667572002e-002 -3.9284988866538431e-002 3.0243679282464530e-002
 -5.4299806663835611e-002 -3.9199848184915877e-002 3.0243746619811916e-002
 -5.4720968889834833e-002 -3.9283174199872206e-002 3.0243797710334950e-002
 -5.5146340324771705e-002 -3.9279323988876395e-002 3.0243857208040632e-002
 -5.5569208137511678e-002 -3.9327369002174588e-002 3.0243911701315528e-002
 -5.5991032203452307e-002 -3.9396967796853824e-002 3.0243964115543066e-002
 -5.6419361053716324e-002 -3.9331864757672336e-002 3.0244029520391062e-002
 -5.6844774056044378e-002 -3.9327198737912697e-002 3.0244089097075200e-002
 -5.7269154595059032e-002 -3.9343937496033120e-002 3.0244146609650340e-002
 -5.7693981360935905e-002 -3.9351478832321304e-002 3.0244205009512574e-002
 -5.8544527413675412e-002 -3.9348073529000369e-002 3.0244323592176839e-002
 -5.8959003291823353e-002 -3.9569908494350249e-002 3.0244361325239267e-002
 -5.9362791859086980e-002 -4.0012783348251327e-002 3.0244377739413599e-002
 -5.9815176533271744e-002 -3.9450255816224064e-002 3.0244491120667009e-002
 -6.0241640732977740e-002 -3.9424036020464383e-002 3.0244552777434108e-002
 -6.1090972419879028e-002 -3.9446311998009645e-002 3.0244668886986587e-002
 -6.1516283015269797e-002 -3.9444171651760000e-002 3.0244728222815036e-002
 -6.1935209846268643e-002 -3.9574226105760148e-002 3.0244774809794584e-002
 -6.2368420515021346e-002 -3.9408782147107004e-002 3.0244849896554890e-002
 -6.2794706666633504e-002 -3.9386660043136977e-002 3.0244911160898964e-002
 -6.3214140095902052e-002 -3.9506455410898950e-002 3.0244958738818249e-002
 -6.3643977223419870e-002 -3.9411048216674092e-002 3.0245027072434805e-002
 -6.4062733567211996e-002 -3.9545047630983099e-002 3.0245073281746509e-002
 -6.4485774642718444e-002 -3.9590462713790020e-002 3.0245128035084740e-002
 -6.4910479646099098e-002 -3.9601539263539237e-002 3.0245186100819159e-002
 -6.5335797180882574e-002 -3.9600106727639861e-002 3.0245245374104626e-002
 -6.5759624626315030e-002 -3.9629585582394190e-002 3.0245301666666793e-002
 -6.6186000983934415e-002 -3.9606357132070495e-002 3.0245363042821376e-002
 -6.6610607270691194e-002 -3.9620007786781264e-002 3.0245420863867788e-002
 -6.7038034629285523e-002 -3.9575497506577295e-002 3.0245484295677770e-002
 -6.7458556457706320e-002 -3.9673809905741132e-002 3.0245533952500143e-002
 -6.7881188349388180e-002 -3.9728713009851618e-002 3.0245587797628579e-002
 -6.8313251893151086e-002 -3.9588693335531125e-002 3.0245660443686526e-002
 -6.8733796041022213e-002 -3.9687050454309696e-002 3.0245710099600195e-002
 -6.9163416331305225e-002 -3.9597868065166603e-002 3.0245777844545373e-002
 -6.9581585157991038e-002 -3.9745848073235883e-002 3.0245822717754101e-002
 -7.0015319781566554e-002 -3.9571903378352286e-002 3.0245898640100556e-002
 -7.0441021705508478e-002 -3.9564365367701561e-002 3.0245958514650343e-002
 -7.0856089048372858e-002 -3.9777070071356245e-002 3.0245997149170763e-002
 -7.1283121892920909e-002 -3.9742368198098656e-002 3.0246059646064468e-002
 -7.1702621188216922e-002 -3.9863810192165457e-002 3.0246107085400268e-002
 -7.2139289839559834e-002 -3.9630046889338279e-002 3.0246188782951967e-002
 -7.2558720696756299e-002 -3.9753403633682426e-002 3.0246236040970615e-002
 -7.2982432415093376e-002 -3.9788377209456834e-002 3.0246291824428284e-002
 -7.3406461583071098e-002 -3.9817085074610521e-002 3.0246348214218743e-002
 -7.3840512485940660e-002 -3.9638495169956864e-002 3.0246424597336501e-002
 -7.4258634085511033e-002 -3.9789969467114709e-002 3.0246469150454241e-002
 -7.4687427831144293e-002 -3.9720768943311953e-002 3.0246534987595726e-002
 -7.5105405375672646e-002 -3.9875696481422994e-002 3.0246579210840591e-002
 -7.5532042987823733e-002 -3.9851797667358045e-002 3.0246640683473384e-002
 -7.5957886238689376e-002 -3.9844583859116392e-002 3.0246700548587201e-002
 -7.6385567220976558e-002 -3.9799652804174079e-002 3.0246764053419983e-002
 -7.6810033411063253e-002 -3.9821592130745861e-002 3.0246821111287025e-002
 -7.7238916569020391e-002 -3.9752384220936438e-002 3.0246886961524916e-002
 -7.7665008414407086e-002 -3.9741396872194745e-002 3.0246947199787627e-002
 -7.8088172958873395e-002 -3.9791230239602529e-002 3.0247001573866811e-002
 -7.8513220449418594e-002 -3.9802638587626359e-002 3.0247059657457113e-002
 -7.8930144418209461e-002 -3.9982413057489154e-002 3.0247101504811313e-002
 -7.9367701745882271e-002 -3.9735485217191377e-002 3.0247184507124960e-002
 -7.9788142213245636e-002 -3.9843289599711951e-002 3.0247233300969151e-002
 -8.0211146458977228e-002 -3.9898435116677559e-002 3.0247287176126837e-002
 -8.0638348253497250e-002 -3.9867074951695662e-002 3.0247349396681437e-002
 -8.1066744703156890e-002 -3.9811534783987773e-002 3.0247413952905321e-002
 -8.1487032763598255e-002 -3.9924040374000026e-002 3.0247462303741961e-002
 -8.1918885200519431e-002 -3.9797785498400053e-002 3.0247533685402742e-002
 -8.2338688366027910e-002 -3.9921447985517618e-002 3.0247580967762026e-002
 -8.2767877699914880e-002 -3.9851267995818666e-002 3.0247646947796254e-002
 -8.3188754320371233e-002 -3.9953507108205097e-002 3.0247696301633441e-002
 -8.3617405967638128e-002 -3.9895366871511399e-002 3.0247761126635225e-002
 -8.4044257055662847e-002 -3.9875055667102727e-002 3.0247822307057300e-002
 -8.4470759863979963e-002 -3.9862433212307938e-002 3.0247882749177793e-002
 -8.4895878128654109e-002 -3.9879008590417334e-002 3.0247940379000429e-002
 -8.5313833184950741e-002 -4.0044441433625913e-002 3.0247983656534125e-002
 -8.5744759510415477e-002 -3.9941919719750398e-002 3.0248052779961985e-002
 -8.6170133709880706e-002 -3.9954874299602518e-002 3.0248110770249522e-002
 -8.6595023420671310e-002 -3.9978423257873881e-002 3.0248167742587945e-002
 -8.7022348103013555e-002 -3.9952286039984200e-002 3.0248229511604687e-002
 -8.7441632239647196e-002 -4.0093103118475248e-002 3.0248275182599420e-002
 -8.7867995532431825e-002 -4.0087964673050112e-002 3.0248334933819353e-002
 -8.8297845120597296e-002 -4.0011411186866234e-002 3.0248401577527902e-002
 -8.8719767584432174e-002 -4.0099509848983285e-002 3.0248452345546080e-002
 -8.9148005156632820e-002 -4.0057630209562184e-002 3.0248515653991441e-002
 -8.9574162239198327e-002 -4.0059476536309924e-002 3.0248574749830080e-002
 -8.9998284259331734e-002 -4.0104046758687603e-002 3.0248629729289447e-002
 -9.0423948711197868e-002 -4.0117444857826735e-002 3.0248687720144975e-002
 -9.0851064837246850e-002 -4.0101540864389912e-002 3.0248748541988203e-002
 -9.1275291090147745e-002 -4.0146215470202279e-002 3.0248803526576443e-002
 -9.1703449865291706e-002 -4.0110277613423666e-002 3.0248866290940399e-002
 -9.2124089873960882e-002 -4.0230647547461175e-002 3.0248913985094182e-002
 -9.2551029764293996e-002 -4.0221489929205267e-002 3.0248974177114443e-002
 -9.2976085772270928e-002 -4.0252053731013850e-002 3.0249030543174387e-002
 -9.3404991057400022e-002 -4.0203789424620877e-002 3.0249094517333538e-002
 -9.3830718967339133e-002 -4.0222168283998973e-002 3.0249152070117007e-002
 -9.4259963362398461e-002 -4.0168595682481420e-002 3.0249216567717344e-002
 -9.4678731554132270e-002 -4.0332613502280144e-002 3.0249260085288197e-002
 -9.5113405397941220e-002 -4.0168366418862018e-002 3.0249335268128844e-002
 -9.5538941614083689e-002 -4.0194262777546598e-002 3.0249392119750956e-002
 -9.5957586776118417e-002 -4.0363570422072260e-002 3.0249435145586041e-002
 -9.6385594996088383e-002 -4.0340086105224368e-002 3.0249496771625285e-002
 -9.6824509286863994e-002 -4.0091833041272999e-002 3.0249580081543648e-002
 -9.7239831894057743e-002 -4.0332794263455291e-002 3.0249616216257297e-002
 -9.7671226595080290e-002 -4.0241988928849483e-002 3.0249684353570509e-002
 -9.8096856929864223e-002 -4.0271677702006528e-002 3.0249740878008038e-002
 -9.8517275206379804e-002 -4.0410208270771603e-002 3.0249786911872616e-002
 -9.8947979251555795e-002 -4.0336922482128910e-002 3.0249853381209398e-002
 -9.9379507086358745e-002 -4.0247469524401260e-002 3.0249921415694797e-002
 -9.9799862467822908e-002 -4.0390556078946808e-002 3.0249967032029319e-002
 -1.0022927081130402e-001 -4.0347250498535756e-002 3.0250030631224337e-002
 -1.0065648478639506e-001 -4.0350606331556377e-002 3.0250089738594891e-002
 -1.0108074070314098e-001 -4.0416105336908217e-002 3.0250142858847966e-002
 -1.0151162899494255e-001 -4.0345613649774362e-002 3.0250209103106579e-002
 -1.0193800092425589e-001 -4.0369782076889883e-002 3.0250266225981069e-002
 -1.0236881176691721e-001 -4.0303365802453264e-002 3.0250332093804948e-002
 -1.0278688462482560e-001 -4.0501696777814122e-002 3.0250372435949507e-002
 -1.0322363130734141e-001 -4.0314633782515798e-002 3.0250449954187374e-002
 -1.0365210226027433e-001 -4.0300362445139029e-002 3.0250510817943776e-002
 -1.0407772089428269e-001 -4.0346252501513503e-002 3.0250565887101073e-002
 -1.0450410241380104e-001 -4.0377774660492687e-002 3.0250622351498772e-002
 -1.0493015022653378e-001 -4.0417440065143806e-002 3.0250678038841936e-002
 -1.0535570543278124e-001 -4.0468623714582506e-002 3.0250732624213610e-002
 -1.0578905774314887e-001 -4.0359808010593884e-002 3.0250802649725010e-002
 -1.0621574545473973e-001 -4.0390335737947675e-002 3.0250859245926794e-002
 -1.0664034464497923e-001 -4.0465394088580679e-002 3.0250911556207443e-002
 -1.0706790759265826e-001 -4.0480734435605521e-002 3.0250969636800875e-002
 -1.0749403241401424e-001 -4.0527250706492178e-002 3.0251024720161872e-002
 -1.0792292455233878e-001 -4.0517822551937692e-002 3.0251085207935926e-002
 -1.0834600663086690e-001 -4.0630259379326863e-002 3.0251133953479045e-002
 -1.0877603099472784e-001 -4.0600562732775902e-002 3.0251196417282307e-002
 -1.0920696197897703e-001 -4.0553488257304593e-002 3.0251260566378568e-002
 -1.0963383000106224e-001 -4.0592260184430524e-002 3.0251316447947114e-002
