 -7.5706382874008285e-002 2.0235989406363532e-002 8.9945652693471578e-001
 -7.5304172959635735e-002 2.0148709510345322e-002 8.9946060968613450e-001
 -7.4901482051692933e-002 2.0267223028510851e-002 8.9947151506845480e-001
 -7.4498972783438491e-002 2.0276699561324073e-002 8.9947880683697534e-001
 -7.4096398184209392e-002 2.0295130224841366e-002 8.9948639622990645e-001
 -7.3694041104977251e-002 2.0190756069410558e-002 8.9948991550243795e-001
 -7.3291253650647481e-002 2.0267404476490235e-002 8.9949943630858364e-001
 -7.2888496545867001e-002 2.0304355925689244e-002 8.9950764213119117e-001
 -7.2485732620953147e-002 2.0323776363683314e-002 8.9951526758001399e-001
 -7.2083326747932941e-002 2.0147554987679117e-002 8.9951640867205895e-001
 -7.1680426427348343e-002 2.0188413400394137e-002 8.9952474634601332e-001
 -7.1277248219119502e-002 2.0336898829261700e-002 8.9953665261502413e-001
 -7.0874666132728928e-002 2.0176742087914534e-002 8.9953832869886530e-001
 -7.0471763706795254e-002 2.0148193370517875e-002 8.9954436817992933e-001
 -7.0068676383193640e-002 2.0184722453265070e-002 8.9955256574175191e-001
 -6.9665601261538646e-002 2.0193403584778981e-002 8.9955984098245401e-001
 -6.9262356592316457e-002 2.0258627167886741e-002 8.9956899141282043e-001
 -6.8859406594853068e-002 2.0160531189269897e-002 8.9957272884914219e-001
 -6.8456367182846686e-002 2.0083051681628831e-002 8.9957715049424691e-001
 -6.8052675510178517e-002 2.0295693132514992e-002 8.9959119001792398e-001
 -6.7649378778062291e-002 2.0295648466202937e-002 8.9959818016931370e-001
 -6.7246347382068486e-002 2.0143435648261772e-002 8.9960012708401105e-001
 -6.6842919670370149e-002 2.0158205359325235e-002 8.9960761004412670e-001
 -6.6439416370848089e-002 2.0189428537802680e-002 8.9961563912671938e-001
 -6.6036128554883750e-002 2.0089362888762910e-002 8.9961931719921939e-001
 -6.5632580319825440e-002 2.0093305652133978e-002 8.9962644374366207e-001
 -6.5228721965105624e-002 2.0229729183880329e-002 8.9963796240672489e-001
 -6.4825400689841342e-002 2.0075325374330988e-002 8.9963984179806433e-001
 -6.4421976676682161e-002 1.9942745114666295e-002 8.9964244559831630e-001
 -6.4017663063113087e-002 2.0236989711663385e-002 8.9965919797155403e-001
 -6.3614069206826787e-002 2.0142355129752942e-002 8.9966306118472705e-001
 -6.3210285396229429e-002 2.0122049887334847e-002 8.9966938890602466e-001
 -6.2806397650422854e-002 2.0127623713687693e-002 8.9967657534453060e-001
 -6.2402486438547858e-002 2.0122058471658696e-002 8.9968339334972713e-001
 -6.1998602818917795e-002 2.0077008608115149e-002 8.9968890345013119e-001
 -6.1594401979724628e-002 2.0171253133562470e-002 8.9969903140685881e-001
 -6.1190441356561667e-002 2.0116642079613646e-002 8.9970422624925095e-001
 -6.0786319228582228e-002 2.0121816839173745e-002 8.9971140353703416e-001
 -6.0382082781491361e-002 2.0159132450601649e-002 8.9971964706405450e-001
 -5.9977923819407766e-002 2.0132982794671846e-002 8.9972578776710477e-001
 -5.9573868298677383e-002 2.0030736458560305e-002 8.9972940694112924e-001
 -5.9169669114764858e-002 1.9975193094546592e-002 8.9973457504833065e-001
 -5.8765109973520732e-002 2.0080140631692354e-002 8.9974506361793616e-001
 -5.8360526672261180e-002 2.0175048694689633e-002 8.9975522017635168e-001
 -5.7956439293136465e-002 1.9986030841571314e-002 8.9975596669858371e-001
 -5.7551831354156147e-002 2.0047035616026412e-002 8.9976500106842117e-001
 -5.7147266628496458e-002 2.0055674107373994e-002 8.9977230072127368e-001
 -5.6742561486687715e-002 2.0119939489472823e-002 8.9978144474244148e-001
 -5.6337934467125962e-002 2.0112975143337829e-002 8.9978822882947063e-001
 -5.5933336671760064e-002 2.0067577424880467e-002 8.9979373979268917e-001
 -5.5528926103011050e-002 1.9893338506367510e-002 8.9979498128224622e-001
 -5.5123968915951352e-002 1.9986871552878441e-002 8.9980509879246662e-001
 -5.4719309210175864e-002 1.9899043820193217e-002 8.9980920587381485e-001
 -5.4314076540150052e-002 2.0091317514651284e-002 8.9982259768935557e-001
 -5.3909391950981878e-002 1.9963700676063255e-002 8.9982538769346232e-001
 -5.3504421920788567e-002 1.9966191355375293e-002 8.9983249080458494e-001
 -5.3099440258234598e-002 1.9947065391846718e-002 8.9983887834070730e-001
 -5.2694467438435588e-002 1.9897060813490700e-002 8.9984424326171686e-001
 -5.2289343154786519e-002 1.9907718511917701e-002 8.9985161947575620e-001
 -5.1884007941573565e-002 2.0010194205880235e-002 8.9986203965109446e-001
 -5.1478946634647998e-002 1.9931334066727448e-002 8.9986645063228365e-001
 -5.1073340264197561e-002 2.0132770544656675e-002 8.9988015232715934e-001
 -5.0668452300821322e-002 1.9905979733724283e-002 8.9987966197914127e-001
 -5.0263063745748682e-002 1.9934222352271044e-002 8.9988762505170938e-001
 -4.9857597183279624e-002 1.9980673997764879e-002 8.9989619241930652e-001
 -4.9452444651483865e-002 1.9819221767684907e-002 8.9989787016828227e-001
 -4.9046805988361530e-002 1.9912192351885807e-002 8.9990798086828583e-001
 -4.8641424102323021e-002 1.9831624309581797e-002 8.9991234085450300e-001
 -4.8235630750390376e-002 1.9960830362105310e-002 8.9992365407574959e-001
 -4.7830281615708084e-002 1.9809820625668741e-002 8.9992568100800452e-001
 -4.7424499269125703e-002 1.9882059028559131e-002 8.9993510770882235e-001
 -4.7018646658748539e-002 1.9968469895711712e-002 8.9994500491056872e-001
 -4.6613106162839320e-002 1.9845776522170639e-002 8.9994797278006944e-001
 -4.6207151858269402e-002 1.9939727008767325e-002 8.9995812139891174e-001
 -4.5801193173237602e-002 2.0012840263760334e-002 8.9996758012512834e-001
 -4.5395586093409108e-002 1.9846728847237677e-002 8.9996911147787961e-001
 -4.4989534845680218e-002 1.9921145970523191e-002 8.9997861498285303e-001
 -4.4583659044696605e-002 1.9862005966808146e-002 8.9998369306321724e-001
 -4.4177513413355109e-002 1.9937454758476095e-002 8.9999323236535134e-001
 -4.3771390155568878e-002 1.9975852766558257e-002 9.0000154444312552e-001
 -4.3365302768759828e-002 1.9968083054191302e-002 9.0000832717984014e-001
 -4.2959400766297250e-002 1.9813527614379555e-002 9.0001024629034088e-001
 -4.2552908797972008e-002 2.0000506567565461e-002 9.0002348461628456e-001
 -4.2146913318137420e-002 1.9848824251158449e-002 9.0002550048303787e-001
 -4.1740695987732043e-002 1.9811820478574868e-002 9.0003131746564469e-001
 -4.1333902576864590e-002 2.0104900733128522e-002 9.0004807427507871e-001
 -4.0928024876725019e-002 1.9797606283916538e-002 9.0004493542508468e-001
 -4.0521522716334149e-002 1.9857367101772633e-002 9.0005396144325400e-001
 -4.0115052129724951e-002 1.9865778692159906e-002 9.0006128662326990e-001
 -3.9708632752529220e-002 1.9817627164279164e-002 9.0006673798083370e-001
 -3.9301972367195258e-002 1.9896644276771677e-002 9.0007640436213576e-001
 -3.8895303516497476e-002 1.9952583699896453e-002 9.0008530673492959e-001
 -3.8488901624900582e-002 1.9808418725087925e-002 9.0008757856375110e-001
 -3.8082132400788386e-002 1.9880396651623212e-002 9.0009701374829920e-001
 -3.7675603480638926e-002 1.9758095048177448e-002 9.0010001172572129e-001
 -3.7268607256356015e-002 1.9922535055090434e-002 9.0011251247729906e-001
 -3.6861832455903604e-002 1.9911380834336075e-002 9.0011919506230875e-001
 -3.6455131366729079e-002 1.9827073253685733e-002 9.0012345409378947e-001
 -3.6048239189096748e-002 1.9838356916863625e-002 9.0013088168351152e-001
 -3.5641264959004687e-002 1.9879095436136335e-002 9.0013928601360449e-001
 -3.5234273225727947e-002 1.9901284802701005e-002 9.0014707644211367e-001
 -3.4827347082198215e-002 1.9855915470618844e-002 9.0015262870996582e-001
 -3.4420532157719674e-002 1.9700182446488905e-002 9.0015452465454016e-001
 -3.4013373736648186e-002 1.9756996395011803e-002 9.0016346447216422e-001
 -3.3606251843892411e-002 1.9758327501343834e-002 9.0017056649227090e-001
 -3.3199131259353414e-002 1.9730486845385538e-002 9.0017670254569038e-001
 -3.2791920733216184e-002 1.9739086095161239e-002 9.0018404676727470e-001
 -3.2384570967786457e-002 1.9817394986310594e-002 9.0019370164896961e-001
 -3.1977398686259213e-002 1.9737455541742374e-002 9.0019811348814427e-001
 -3.1570137140212076e-002 1.9699677828943843e-002 9.0020392294653917e-001
 -3.1162731871942448e-002 1.9732478059184808e-002 9.0021207189422292e-001
 -3.0755386498280895e-002 1.9695512602658765e-002 9.0021790970153914e-001
 -3.0347899035962786e-002 1.9732811718066127e-002 9.0022620904256889e-001
 -2.9940550406295712e-002 1.9637934847390282e-002 9.0023012932648461e-001
 -2.9532847435834897e-002 1.9783579703432301e-002 9.0024201997976527e-001
 -2.9125365180721924e-002 1.9731011508724965e-002 9.0024734351761060e-001
 -2.8717684633166308e-002 1.9799918332029261e-002 9.0025669280976151e-001
 -2.8310219058802724e-002 1.9677552528031533e-002 9.0025970489937523e-001
 -2.7902501917969669e-002 1.9713114614101419e-002 9.0026795070512788e-001
 -2.7495015613846093e-002 1.9545137469233531e-002 9.0026945285792837e-001
 -2.7087139216929377e-002 1.9651910426637109e-002 9.0028005937997646e-001
 -2.6679313359167033e-002 1.9690352349900766e-002 9.0028840242848673e-001
 -2.6271521891172059e-002 1.9669945347030884e-002 9.0029479625778819e-001
 -2.5863766814390267e-002 1.9593593278789914e-002 9.0029933698667874e-001
 -2.5455960377095372e-002 1.9524742275356739e-002 9.0030412698343831e-001
 -2.5047878354365821e-002 1.9653617071735727e-002 9.0031546891287451e-001
 -2.4639724913775408e-002 1.9811183093256884e-002 9.0032776211274446e-001
 -2.4231795790525253e-002 1.9757594176936986e-002 9.0033305959914700e-001
 -2.3824115819376497e-002 1.9461871841949127e-002 9.0033033517293659e-001
 -2.3415698462679987e-002 1.9753128606392872e-002 9.0034705975546747e-001
 -2.3007963894393427e-002 1.9438620478483500e-002 9.0034371423504056e-001
 -2.2599567054266669e-002 1.9659457318958410e-002 9.0035810669657390e-001
 -2.2191639011327948e-002 1.9445240762515342e-002 9.0035808541439299e-001
 -2.1783300874417127e-002 1.9558510748285476e-002 9.0036891507277728e-001
 -2.1375133861214986e-002 1.9490876024808007e-002 9.0037375159437172e-001
 -2.0966698470869714e-002 1.9627870879029025e-002 9.0038536852361073e-001
 -2.0558434299522976e-002 1.9584889189212234e-002 9.0039102304808838e-001
 -2.0150219572304881e-002 1.9464220255193822e-002 9.0039410431242128e-001
 -1.9741669323051866e-002 1.9619802554105656e-002 9.0040633870583431e-001
 -1.9333387116440885e-002 1.9497203192959934e-002 9.0040935721912974e-001
 -1.8924983479869931e-002 1.9455802656338096e-002 9.0041506651701531e-001
 -1.8516466081749595e-002 1.9489085555479842e-002 9.0042325072707297e-001
 -1.8108012859282163e-002 1.9431430477857222e-002 9.0042842265942746e-001
 -1.7699495880545181e-002 1.9401997326452702e-002 9.0043453018982811e-001
 -1.7290803337879718e-002 1.9512402222324407e-002 9.0044527112255646e-001
 -1.6882150850331339e-002 1.9551903562838126e-002 9.0045366358141787e-001
 -1.6473564409598403e-002 1.9496862474333448e-002 9.0045892437844954e-001
 -1.6064963044069881e-002 1.9423063615603940e-002 9.0046356432139341e-001
 -1.5656139595577781e-002 1.9539832530903342e-002 9.0047451825082114e-001
 -1.5247598721161361e-002 1.9339206640631070e-002 9.0047495761095731e-001
 -1.4838785515880233e-002 1.9383288780297526e-002 9.0048350453682680e-001
 -1.4429989975830757e-002 1.9375458155496246e-002 9.0049033220566088e-001
 -1.4021148654838956e-002 1.9386251883600311e-002 9.0049777736323566e-001
 -1.3612246062291939e-002 1.9426766134897619e-002 9.0050620769776668e-001
 -1.3203396213127765e-002 1.9380688179541302e-002 9.0051176985120984e-001
 -1.2794390141362973e-002 1.9469860595167178e-002 9.0052181316318336e-001
 -1.2385443927956770e-002 1.9464464187874612e-002 9.0052872404664897e-001
 -1.1976517791100063e-002 1.9400516362394198e-002 9.0053369581021370e-001
 -1.1567457938531908e-002 1.9454841001051604e-002 9.0054258616465965e-001
 -1.1158573217050665e-002 1.9281282781138973e-002 9.0054392775848957e-001
 -1.0749460982699157e-002 1.9325301916594675e-002 9.0055247778217107e-001
 -1.0340385925747047e-002 1.9299639993930754e-002 9.0055871986156366e-001
 -9.9310386073785846e-003 1.9554727809783509e-002 9.0057426292918363e-001
 -9.5220977784784971e-003 1.9302265756634206e-002 9.0057299280867531e-001
 -9.1128505695491097e-003 1.9376762250770625e-002 9.0058255434760315e-001
 -8.7036511245245207e-003 1.9362444674735975e-002 9.0058917422076734e-001
 -8.2943504667807137e-003 1.9437199497573446e-002 9.0059874524015038e-001
 -7.8852083412056621e-003 1.9281315993096491e-002 9.0060067654678466e-001
 -7.4759319829132923e-003 1.9258753057082755e-002 9.0060702473053755e-001
 -7.0666114655800966e-003 1.9256641053599366e-002 9.0061405085715762e-001
 -6.6572526801288888e-003 1.9270361831648139e-002 9.0062160190693863e-001
 -6.2479311643163053e-003 1.9201765153062121e-002 9.0062642659067282e-001
 -5.8385064540784973e-003 1.9234373960363239e-002 9.0063460420934127e-001
 -5.4290181560779751e-003 1.9312563914109016e-002 9.0064429222676134e-001
 -5.0196025270892279e-003 1.9265534003827092e-002 9.0064983266726073e-001
 -4.6101136787049125e-003 1.9278547675197794e-002 9.0065736255791307e-001
 -4.2006721563587054e-003 1.9192369748915507e-002 9.0066160716663790e-001
 -3.7911467277969972e-003 1.9184827916343933e-002 9.0066845705153442e-001
 -3.3815936825848042e-003 1.9185533814082827e-002 9.0067558051648011e-001
 -2.9719933680422157e-003 1.9214816557521941e-002 9.0068365104585024e-001
 -2.5624657697077861e-003 1.9101438221044327e-002 9.0068699647879014e-001
 -2.1527726618698743e-003 1.9202255638361608e-002 9.0069743729408924e-001
 -1.7432124096230539e-003 1.9060721509367932e-002 9.0069985099020722e-001
 -1.3334563767446574e-003 1.9180829677528648e-002 9.0071093165742577e-001
 -9.2376942811328317e-004 1.9165250839841247e-002 9.0071751821877866e-001
 -5.1403229708141610e-004 1.9190478805928828e-002 9.0072545685704086e-001
 -1.0430795732190414e-004 1.9153431174486653e-002 9.0073133318557486e-001
 3.0550428239281297e-004 1.9229905606405161e-002 9.0074097001404596e-001
 7.1521976809145417e-004 1.9103147399451986e-002 9.0074387566601521e-001
 1.1250190300813355e-003 1.9078121207869045e-002 9.0075015135088221e-001
 1.5349091583941816e-003 1.9169159126160663e-002 9.0076027176010676e-001
 1.9446802528104686e-003 1.9021620836486730e-002 9.0076249029988398e-001
 2.3546265125895171e-003 1.9140489658885533e-002 9.0077353322733000e-001
 2.7644721805580568e-003 1.9041551298792848e-002 9.0077736231514927e-001
 3.1744349698065032e-003 1.9116426742429693e-002 9.0078694880740406e-001
 3.5843104692414758e-003 1.8992374409963077e-002 9.0078994683111768e-001
 3.9943384363908419e-003 1.9111313808822847e-002 9.0080099351200726e-001
 4.4042976965044485e-003 1.9062949083112651e-002 9.0080649917819866e-001
 4.8142950772253309e-003 1.9052156232336706e-002 9.0081324959627440e-001
 5.2243058586425133e-003 1.9023697858359355e-002 9.0081941530064624e-001
 5.6343836776383879e-003 1.9091701554747133e-002 9.0082877624775493e-001
 6.0444321665604674e-003 1.9057903491327161e-002 9.0083476579645771e-001
 6.4545360047108553e-003 1.9104744606446303e-002 9.0084342645299886e-001
 6.8646192907595785e-003 1.9061864532438695e-002 9.0084911587873484e-001
 7.2747431932560849e-003 1.9066956083454475e-002 9.0085639445921961e-001
 7.6848495101981846e-003 1.8993162296178909e-002 9.0086106066022076e-001
 8.0950341722689605e-003 1.9051953740576694e-002 9.0087011842077325e-001
 8.5051527920100914e-003 1.8914429389612374e-002 9.0087267456981257e-001
 8.9153975324493782e-003 1.9035084100521342e-002 9.0088378180664508e-001
 9.3255860285453365e-003 1.8972920007084476e-002 9.0088883451817670e-001
 9.7358266268364954e-003 1.9000319010840157e-002 9.0089685377268525e-001
 1.0146096883062767e-002 1.9058215406529813e-002 9.0090588337999755e-001
 1.0556292880138450e-002 1.8876489701520241e-002 9.0090697726217706e-001
 1.0966635101021074e-002 1.9041143427928356e-002 9.0091954309734423e-001
 1.1376919042197719e-002 1.9003945565893444e-002 9.0092542415275711e-001
 1.1787235908082595e-002 1.9011924038659402e-002 9.0093280167109824e-001
 1.2197500470245270e-002 1.8812671774016396e-002 9.0093331639731711e-001
 1.2607857360022037e-002 1.8839464984912686e-002 9.0094131760868534e-001
 1.3018253824339231e-002 1.8944244124309402e-002 9.0095190179922024e-001
 1.3428612317353834e-002 1.8879451292096311e-002 9.0095687041427686e-001
 1.3839009093919743e-002 1.8886881655005419e-002 9.0096423116878954e-001
 1.4249429611836138e-002 1.8932011329101411e-002 9.0097284064561212e-001
 1.4659834969692595e-002 1.8864588292667732e-002 9.0097772298102763e-001
 1.5070276470936951e-002 1.8875389915000630e-002 9.0098519614103367e-001
 1.5480714970999211e-002 1.8820243824352351e-002 9.0099048556886341e-001
 1.5891186054269653e-002 1.8830846447408497e-002 9.0099795265238636e-001
 1.6301663487684498e-002 1.8818017366501807e-002 9.0100464396849544e-001
 1.6712146389767670e-002 1.8768948754093517e-002 9.0101013540534136e-001
 1.7122678608747281e-002 1.8867790753773879e-002 9.0102052535702182e-001
 1.7533200054768806e-002 1.8869634906133331e-002 9.0102770330057502e-001
 1.7943735145184703e-002 1.8872615298287154e-002 9.0103491910417777e-001
 1.8354280129953340e-002 1.8860647723581148e-002 9.0104164011781807e-001
 1.8764821506986665e-002 1.8763535569983135e-002 9.0104554173647333e-001
 1.9175403025454611e-002 1.8804706206678581e-002 9.0105402291161707e-001
 1.9585986469997627e-002 1.8798518195067726e-002 9.0106093596660330e-001
 1.9996583436009300e-002 1.8792262429770779e-002 9.0106784701252030e-001
 2.0407190032756439e-002 1.8778319982723002e-002 9.0107450370172160e-001
 2.0817799608612172e-002 1.8698902930956142e-002 9.0107899242812217e-001
 2.1228456284395344e-002 1.8875111683943811e-002 9.0109194632819278e-001
 2.1639092472499975e-002 1.8828570350765975e-002 9.0109752410645116e-001
 2.2049733918235438e-002 1.8729507546997426e-002 9.0110136286941245e-001
 2.2460389685802606e-002 1.8642446765630621e-002 9.0110559929516976e-001
 2.2871067211220113e-002 1.8652573402411401e-002 9.0111305419661580e-001
 2.3281757967750529e-002 1.8689910528883635e-002 9.0112141032920923e-001
 2.3692447929300964e-002 1.8616233725234237e-002 9.0112609052198278e-001
 2.4103165640657533e-002 1.8754276826618885e-002 9.0113778172785131e-001
 2.4513872969007807e-002 1.8637728596781179e-002 9.0114104265037465e-001
 2.4924601188986255e-002 1.8672976471469704e-002 9.0114933025251964e-001
 2.5335333983236209e-002 1.8641620215433814e-002 9.0115541251831943e-001
 2.5746083959629320e-002 1.8765664787644278e-002 9.0116664076010888e-001
 2.6156830273732043e-002 1.8582316920432988e-002 9.0116769046917744e-001
 2.6567593197521354e-002 1.8623363178685022e-002 9.0117617067074329e-001
 2.6978363221839982e-002 1.8593991897109204e-002 9.0118231930903148e-001
 2.7389142250242662e-002 1.8652105834899353e-002 9.0119136493983509e-001
 2.7799929099411355e-002 1.8590490405698198e-002 9.0119644619206374e-001
 2.8210723541800119e-002 1.8634468714577135e-002 9.0120502402696845e-001
 2.8621527349870675e-002 1.8534391573646482e-002 9.0120883201764290e-001
 2.9032338766863289e-002 1.8502479815299455e-002 9.0121489725250536e-001
 2.9443151200730679e-002 1.8664941233016208e-002 9.0122739864700319e-001
 2.9853981111670713e-002 1.8519800440063489e-002 9.0122971492924842e-001
 3.0264810016505331e-002 1.8581315207094593e-002 9.0123887403398173e-001
 3.0675647822686076e-002 1.8589909478171032e-002 9.0124628097394044e-001
 3.1086492482064555e-002 1.8587663693185978e-002 9.0125332909357003e-001
 3.1497348949892263e-002 1.8515287160903213e-002 9.0125805522789815e-001
 3.1908210894060270e-002 1.8466602685969030e-002 9.0126356595556467e-001
 3.2319065004766119e-002 1.8573927847203971e-002 9.0127424238457321e-001
 3.2729941033505586e-002 1.8504450399247627e-002 9.0127906485334941e-001
 3.3140810807009674e-002 1.8553356595673240e-002 9.0128780716787660e-001
 3.3551698431501423e-002 1.8489797937033543e-002 9.0129282582237891e-001
 3.3962584841518935e-002 1.8486409490054860e-002 9.0129983682964421e-001
 3.4373486183128535e-002 1.8408897935119642e-002 9.0130439370952642e-001
 3.4784372820662747e-002 1.8479728775060059e-002 9.0131386229168231e-001
 3.5195287796962099e-002 1.8383198583980610e-002 9.0131778965724185e-001
 3.5606200324463391e-002 1.8342428969987910e-002 9.0132356334104369e-001
 3.6017096445466287e-002 1.8431039774075716e-002 9.0133362082303037e-001
 3.6427996903694033e-002 1.8511002445364196e-002 9.0134339202068092e-001
 3.6838927544869823e-002 1.8439099431699704e-002 9.0134813512018086e-001
 3.7249867492620506e-002 1.8343470093611071e-002 9.0135209274796046e-001
 3.7660780334850312e-002 1.8412886916444660e-002 9.0136151496305417e-001
 3.8071729110595767e-002 1.8318017569636955e-002 9.0136549790893328e-001
 3.8482661682041994e-002 1.8322588929329815e-002 9.0137277328393128e-001
 3.8893582205603051e-002 1.8396758007958924e-002 9.0138235299028724e-001
 3.9304542170414083e-002 1.8305410653988191e-002 9.0138645275140916e-001
 3.9715495626264405e-002 1.8258361850645478e-002 9.0139201922638068e-001
 4.0126423909353573e-002 1.8333656272676004e-002 9.0140163632996040e-001
 4.0537389735926306e-002 1.8261237145200136e-002 9.0140636294972831e-001
 4.0948312871748500e-002 1.8369967963611927e-002 9.0141708711990520e-001
 4.1359302015981231e-002 1.8228040030250900e-002 9.0141951254780528e-001
 4.1770227352801663e-002 1.8340982875930924e-002 9.0143037622602984e-001
 4.2181213059332000e-002 1.8234668146455447e-002 9.0143398082925752e-001
 4.2592149585352401e-002 1.8313883552753617e-002 9.0144372790852723e-001
 4.3003132096083745e-002 1.8237005460890750e-002 9.0144830717098934e-001
 4.3414101401723380e-002 1.8214964036323882e-002 9.0145470197244693e-001
 4.3825070617995156e-002 1.8197067654493117e-002 9.0146123402423450e-001
 4.4236031677204440e-002 1.8212235060201906e-002 9.0146886075250665e-001
 4.4646974158122833e-002 1.8287204494522272e-002 9.0147846734113368e-001
 4.5057943638370880e-002 1.8278634436225571e-002 9.0148530821347650e-001
 4.5468906149359653e-002 1.8292649957588752e-002 9.0149289682538236e-001
 4.5879874522020227e-002 1.8292466946312716e-002 9.0150001539290159e-001
 4.6290888235961038e-002 1.8161068153613090e-002 9.0150278989076194e-001
 4.6701838846665053e-002 1.8217429250346737e-002 9.0151178045555902e-001
 4.7112822151658171e-002 1.8179750062021605e-002 9.0151765769746062e-001
 4.7523773895970456e-002 1.8232491650126526e-002 9.0152652843167147e-001
 4.7934756461973732e-002 1.8198517684941899e-002 9.0153252834920461e-001
 4.8345732711569833e-002 1.8182298359609335e-002 9.0153911605411319e-001
 4.8756693422818680e-002 1.8209259758379635e-002 9.0154713330253411e-001
 4.9167660245179781e-002 1.8216427556062419e-002 9.0155449524533415e-001
 4.9578641167208795e-002 1.8188097185344684e-002 9.0156068200673356e-001
 4.9989611843515004e-002 1.8183485729630175e-002 9.0156765397822924e-001
 5.0400573770561820e-002 1.8199368783205237e-002 9.0157530441828992e-001
 5.0811656136265017e-002 1.7921891323313073e-002 9.0157324310634368e-001
 5.1222537237956910e-002 1.8129952278121524e-002 9.0158725559661845e-001
 5.1633498722650627e-002 1.8142066797628920e-002 9.0159478124419734e-001
 5.2044480479677108e-002 1.8103638446549275e-002 9.0160063365276477e-001
 5.2455438045822374e-002 1.8117027979629038e-002 9.0160820145103693e-001
 5.2866411173464446e-002 1.8094542790395490e-002 9.0161458162468688e-001
 5.3277383669071005e-002 1.8072974609823766e-002 9.0162099215164127e-001
 5.3688362162913499e-002 1.8031184165116870e-002 9.0162673317700037e-001
 5.4099273810835020e-002 1.8134037192043248e-002 9.0163726252085319e-001
 5.4510238566429073e-002 1.8119749298026289e-002 9.0164391398062371e-001
 5.4921245982805358e-002 1.8007558889740261e-002 9.0164732440300532e-001
 5.5332210077830742e-002 1.7989226633384967e-002 9.0165384193320386e-001
 5.5743155692546724e-002 1.7999616068063447e-002 9.0166131018413975e-001
 5.6154128945985649e-002 1.7956476504263866e-002 9.0166700644622033e-001
 5.6565120909255015e-002 1.7866443419789234e-002 9.0167115028055334e-001
 5.6976053309726979e-002 1.7895083594343060e-002 9.0167922262629274e-001
 5.7386969719628561e-002 1.7951334528171929e-002 9.0168820895043145e-001
 5.7797890323719243e-002 1.7994456818044735e-002 9.0169676062774562e-001
 5.8208850678572906e-002 1.7952521881146530e-002 9.0170249655417567e-001
 5.8619726218638854e-002 1.8073731133059746e-002 9.0171363308879837e-001
 5.9030727137718585e-002 1.7946019512186225e-002 9.0171652945556680e-001
 5.9441712250167866e-002 1.7846310034653486e-002 9.0172035276354823e-001
 5.9852670823226838e-002 1.7796625602765140e-002 9.0172583205552204e-001
 6.0263588735513629e-002 1.7814229199108918e-002 9.0173353870365458e-001
 6.0674440160786450e-002 1.7948966912118294e-002 9.0174512277861740e-001
 6.1085389579918110e-002 1.7899596039926038e-002 9.0175061229457809e-001
 6.1496336572837311e-002 1.7850717322685991e-002 9.0175611806485778e-001
 6.1907344311691412e-002 1.7688887081964470e-002 9.0175788480403918e-001
 6.2318261102393191e-002 1.7686197937013370e-002 9.0176491949348525e-001
 6.2729034568184391e-002 1.7930622674846346e-002 9.0178013420608527e-001
 6.3139993483999513e-002 1.7841142875709669e-002 9.0178429578804875e-001
 6.3550922461035081e-002 1.7801617464080294e-002 9.0179011095541894e-001
 6.3961858993066445e-002 1.7743297365198973e-002 9.0179530391852958e-001
 6.4372703763302883e-002 1.7836544014970861e-002 9.0180551401378073e-001
 6.4783623970980156e-002 1.7796642547116548e-002 9.0181131657703895e-001
 6.5194524007895271e-002 1.7787520461511122e-002 9.0181813796660737e-001
 6.5605522016417048e-002 1.7609132905873306e-002 9.0181935628640086e-001
 6.6016330614015281e-002 1.7740577545783350e-002 9.0183083057768587e-001
 6.6427171672613139e-002 1.7815182886012464e-002 9.0184042335204473e-001
 6.6838092286932105e-002 1.7751454882746355e-002 9.0184543697107578e-001
 6.7248964436939812e-002 1.7762913971073657e-002 9.0185293936710054e-001
 6.7659847179195182e-002 1.7749789335359450e-002 9.0185962792322416e-001
 6.8070826523826414e-002 1.7577679886034987e-002 9.0186105380196702e-001
 6.8481669959466293e-002 1.7620399626481528e-002 9.0186959081213858e-001
 6.8892507238592082e-002 1.7671130176746382e-002 9.0187839297187999e-001
 6.9303380510005091e-002 1.7655948392749261e-002 9.0188501324691384e-001
 6.9714253063962645e-002 1.7635093308735028e-002 9.0189144565352430e-001
 7.0125124713294656e-002 1.7613444300041380e-002 9.0189785175578341e-001
 7.0536009533263458e-002 1.7567420184823011e-002 9.0190345097064584e-001
 7.0946779956597969e-002 1.7693033062014342e-002 9.0191473149708512e-001
 7.1357622530501569e-002 1.7707908027144705e-002 9.0192234648789427e-001
 7.1768578540962732e-002 1.7537793953483920e-002 9.0192383803357967e-001
 7.2179424662663583e-002 1.7533829695659191e-002 9.0193082927598023e-001
 7.2590191637797383e-002 1.7644566078526103e-002 9.0194161714776755e-001
 7.3001067159019759e-002 1.7590442444037908e-002 9.0194694800775110e-001
 7.3411987360595149e-002 1.7461750675740240e-002 9.0194981052025425e-001
 7.3822747632240296e-002 1.7571417577123161e-002 9.0196056286284199e-001
 7.4233542727570975e-002 1.7624371800679495e-002 9.0196943792220363e-001
 7.4644412307623503e-002 1.7561753363029023e-002 9.0197448739675901e-001
 7.5055260923370101e-002 1.7523890621375847e-002 9.0198035622578965e-001
 7.5466156993642688e-002 1.7418493502548336e-002 9.0198398965926041e-001
 7.5876916254964066e-002 1.7510931705385750e-002 9.0199417150257866e-001
 7.6287744647009645e-002 1.7491484056887649e-002 9.0200064974701011e-001
 7.6698457468615019e-002 1.7644191587696707e-002 9.0201282644102665e-001
 7.7109336130813264e-002 1.7548121652045931e-002 9.0201676841715139e-001
 7.7520221887529453e-002 1.7441890063151270e-002 9.0202037404060509e-001
 7.7931022469832703e-002 1.7454496991451830e-002 9.0202791320353448e-001
 7.8341878423795100e-002 1.7386634550252800e-002 9.0203278880087112e-001
 7.8752661404393687e-002 1.7423989555874597e-002 9.0204114712429850e-001
 7.9163452964129646e-002 1.7441524747486226e-002 9.0204884931692109e-001
 7.9574222456099644e-002 1.7489761135022305e-002 9.0205756771403833e-001
 7.9985095570131406e-002 1.7387917490422747e-002 9.0206131841322323e-001
 8.0395925596998985e-002 1.7345560224685974e-002 9.0206703809598476e-001
 8.0806690851890420e-002 1.7395336297517119e-002 9.0207580740216131e-001
 8.1217498974833130e-002 1.7382520950904895e-002 9.0208250490594222e-001
 8.1628366162948635e-002 1.7281639303113813e-002 9.0208628735631680e-001
 8.2039134527770632e-002 1.7322953680471771e-002 9.0209477653024850e-001
 8.2449964218342151e-002 1.7271210453878749e-002 9.0210018541647219e-001
 8.2860741210933495e-002 1.7299217049092319e-002 9.0210823408876428e-001
 8.3271522117766353e-002 1.7320096373505497e-002 9.0211604682861879e-001
 8.3682293107635336e-002 1.7354179171304669e-002 9.0212429659386084e-001
 8.4093068317714209e-002 1.7379900863539723e-002 9.0213226957686876e-001
 8.4503941874637362e-002 1.7268067356674667e-002 9.0213568949646228e-001
 8.4914718459151217e-002 1.7292189862025513e-002 9.0214360955054917e-001
 8.5325447908566485e-002 1.7386411285137890e-002 9.0215384992355896e-001
 8.5736313747370507e-002 1.7289067150313059e-002 9.0215774948571559e-001
 8.6147153574018767e-002 1.7227225490914613e-002 9.0216282416537108e-001
 8.6557937467138718e-002 1.7243903718385765e-002 9.0217049784903391e-001
 8.6968682118964288e-002 1.7321465969830967e-002 9.0218018686218360e-001
 8.7379358851915612e-002 1.7491251174182591e-002 9.0219292841152987e-001
 8.7790290343992383e-002 1.7306287724007052e-002 9.0219392783521946e-001
 8.8201105625159135e-002 1.7290985751665960e-002 9.0220054312521125e-001
 8.8611766776335338e-002 1.7486801213143735e-002 9.0221414632598973e-001
 8.9022870409979346e-002 1.7075514766310626e-002 9.0220765466005759e-001
 8.9433627946931132e-002 1.7148074015503521e-002 9.0221717823569847e-001
 8.9844451314276347e-002 1.7127359243575210e-002 9.0222361443565535e-001
 9.0255160933711942e-002 1.7275892071342294e-002 9.0223565284015850e-001
 9.0665971286006647e-002 1.7283276223325802e-002 9.0224301923435046e-001
 9.1076940752794627e-002 1.7077708743189403e-002 9.0224333706965232e-001
 9.1487781968054932e-002 1.7051241489543824e-002 9.0224958310115078e-001
 9.1898605914496986e-002 1.7055885229157623e-002 9.0225685898966990e-001
 9.2309540905380488e-002 1.6906262534113640e-002 9.0225902868753605e-001
 9.2720136658646687e-002 1.7245278833966766e-002 9.0227737246301287e-001
 9.3131206693196578e-002 1.6918944943191468e-002 9.0227369318872408e-001
 9.3541804177292645e-002 1.7267298677882272e-002 9.0229234617810683e-001
 9.4363756754724887e-002 1.6909698163034746e-002 9.0229475473360921e-001
 9.4774522200375910e-002 1.7043191328363363e-002 9.0230629610818236e-001
 9.5185436512464444e-002 1.6976231843639750e-002 9.0231120261618836e-001
 9.5596272064349480e-002 1.7028941808306587e-002 9.0232007028894012e-001
 9.6007136838814913e-002 1.7045440906401990e-002 9.0232773944339295e-001
 9.6418084602487020e-002 1.6953907768320425e-002 9.0233183284125518e-001
 9.6828945608606776e-002 1.6997070232813570e-002 9.0234038481564138e-001
 9.7239826709579841e-002 1.7017396733144875e-002 9.0234818098720670e-001
 9.7650766846115969e-002 1.6972212353963463e-002 9.0235380896663553e-001
 9.8061605788597350e-002 1.7082274276585319e-002 9.0236457575313600e-001
 9.8472590325180132e-002 1.6990575337404792e-002 9.0236866429844553e-001
 9.8883572740083220e-002 1.6909063902435989e-002 9.0237309013862121e-001
 9.9294524137331946e-002 1.6899149077316836e-002 9.0237988616915754e-001
 9.9705422518788139e-002 1.6963784153715362e-002 9.0238914979895635e-001
 1.0011645274873975e-001 1.6861873225498362e-002 9.0239290099401837e-001
 1.0052742583492813e-001 1.6855509702878330e-002 9.0239981499233546e-001
 1.0093838634267663e-001 1.6886090565032999e-002 9.0240795208596902e-001
 1.0134940408140283e-001 1.6833372754889463e-002 9.0241333196153362e-001
 1.0176034157405006e-001 1.6929205543247450e-002 9.0242362929722297e-001
 1.0217139223640753e-001 1.6871901241975580e-002 9.0242885787430960e-001
 1.0258244436382415e-001 1.6828269532036380e-002 9.0243453920767636e-001
 1.0299348492438069e-001 1.6819587917072623e-002 9.0244137761838394e-001
 1.0340451199864173e-001 1.6852327521607563e-002 9.0244958734694269e-001
 1.0381559712003542e-001 1.6809536633569731e-002 9.0245529709384265e-001
 1.0422668513816902e-001 1.6797035696302212e-002 9.0246200986075598e-001
 1.0463774099122196e-001 1.6839364893519060e-002 9.0247053762165419e-001
 1.0504883262175635e-001 1.6857168782419121e-002 9.0247825391354630e-001
 1.0545997354137082e-001 1.6819258273907269e-002 9.0248412622834318e-001
 1.0587112770914615e-001 1.6785033670379701e-002 9.0249012082158697e-001
 1.0628225761623290e-001 1.6822081050946451e-002 9.0249847497322766e-001
 1.0669343942057802e-001 1.6789361034273448e-002 9.0250451986590874e-001
 1.0710464536160962e-001 1.6750321641989745e-002 9.0251035592799667e-001
 1.0751577782842267e-001 1.6852377413779908e-002 9.0252086270106124e-001
 1.0792704046637838e-001 1.6777155638877529e-002 9.0252550166431966e-001
 1.0833825982066846e-001 1.6798699505028949e-002 9.0253334400968666e-001
 1.0874954554586626e-001 1.6746591160168293e-002 9.0253874871191120e-001
 1.0916076999286989e-001 1.6821569243790718e-002 9.0254836047515519e-001
 1.0957210123054723e-001 1.6745292962102913e-002 9.0255296571053156e-001
 1.0998343025879227e-001 1.6719353656958987e-002 9.0255923768043733e-001
 1.1039485286651766e-001 1.6546846162655213e-002 9.0256065806349228e-001
 1.1080622227092186e-001 1.6514459955159252e-002 9.0256671726163240e-001
 1.1121756731773259e-001 1.6556909276669085e-002 9.0257525401364080e-001
 1.1162902496897473e-001 1.6441248981000946e-002 9.0257855734544590e-001
 1.1204038466655587e-001 1.6551438401563458e-002 9.0258933738160718e-001
 1.1245182989638040e-001 1.6542796742629401e-002 9.0259618413077558e-001
 1.1286325091414831e-001 1.6611939099655422e-002 9.0260560606750595e-001
 1.1327473828631428e-001 1.6617195434043393e-002 9.0261291374172126e-001
 1.1368630141427186e-001 1.6519384984058673e-002 9.0261680995145266e-001
 1.1409787659020487e-001 1.6443063288218436e-002 9.0262141791202322e-001
 1.1450942064745137e-001 1.6482983103530600e-002 9.0262987435635900e-001
 1.1492104602337112e-001 1.6410185230425013e-002 9.0263459986906514e-001
 1.1533263297720248e-001 1.6469754615889468e-002 9.0264370769943414e-001
 1.1574437898056456e-001 1.6250640711468263e-002 9.0264359044372322e-001
 1.1615594293472815e-001 1.6470492246023836e-002 9.0265800518521944e-001
 1.1656768247345507e-001 1.6392936190112811e-002 9.0266257512272008e-001
 1.1697936745865227e-001 1.6494849530963689e-002 9.0267308675813518e-001
 1.1739118720541454e-001 1.6365167206678272e-002 9.0267593206574592e-001
 1.1780303170474811e-001 1.6254602295137428e-002 9.0267941082388847e-001
 1.1821479096057984e-001 1.6392784836608332e-002 9.0269112470335544e-001
 1.1862667332067196e-001 1.6327343834023053e-002 9.0269609827405839e-001
 1.1903857719958184e-001 1.6285448733865164e-002 9.0270185187669028e-001
 1.1945047973617944e-001 1.6338710659426797e-002 9.0271075632358833e-001
 1.1986243733577617e-001 1.6342889222620581e-002 9.0271803646227955e-001
 1.2027445021712591e-001 1.6284501855384034e-002 9.0272324585778108e-001
 1.2068645403140443e-001 1.6338008600392522e-002 9.0273216016698243e-001
 1.2109854411530110e-001 1.6271614422465649e-002 9.0273710577700206e-001
 1.2151066286942029e-001 1.6220233431401075e-002 9.0274254900513140e-001
 1.2192281211467751e-001 1.6183593427288728e-002 9.0274848086977411e-001
 1.2233493932195874e-001 1.6317952238947234e-002 9.0276007451564799e-001
 1.2274716233286811e-001 1.6317260890503699e-002 9.0276719800160887e-001
 1.2315943154464080e-001 1.6268232121285364e-002 9.0277272172556555e-001
 1.2357174169498032e-001 1.6239587345309607e-002 9.0277892112004510e-001
 1.2398406527024278e-001 1.6269665778500066e-002 9.0278706520750529e-001
 1.2439647210407181e-001 1.6198693668258220e-002 9.0279186472291661e-001
 1.2480889661820659e-001 1.6180797318133336e-002 9.0279842200508020e-001
 1.2522137296912422e-001 1.6157467402445794e-002 9.0280480026806853e-001
 1.2563386865993459e-001 1.6226933965671014e-002 9.0281425157075079e-001
 1.2604643642414892e-001 1.6174189213969320e-002 9.0281965742576120e-001
 1.2645907363779726e-001 1.6056227552828692e-002 9.0282290500319584e-001
 1.2687168331824267e-001 1.6231774715497208e-002 9.0283587085416017e-001
 1.2728442098229062e-001 1.6055751537715990e-002 9.0283719762293713e-001
 1.2769716700779993e-001 1.6077713177107301e-002 9.0284508026840349e-001
 1.2810993843622073e-001 1.6191047075422654e-002 9.0285598889948060e-001
 1.2852281620039999e-001 1.6071109292723595e-002 9.0285917521322523e-001
 1.2893570448271369e-001 1.6133388675178661e-002 9.0286839533789776e-001
 1.2934866056366776e-001 1.6110728748176574e-002 9.0287480410244236e-001
 1.2976166850222143e-001 1.6117361133763594e-002 9.0288218370170525e-001
 1.3017472910537742e-001 1.6124468084244496e-002 9.0288957992790486e-001
 1.3058784981525512e-001 1.6112826249319701e-002 9.0289635638080701e-001
 1.3100102741227765e-001 1.6046558092713596e-002 9.0290132501702058e-001
 1.3141426129061035e-001 1.6055561393694739e-002 9.0290878703967004e-001
 1.3182753732402594e-001 1.6126365464658232e-002 9.0291829615847419e-001
 1.3224089802094990e-001 1.6036153786651200e-002 9.0292247514399160e-001
 1.3265430472959347e-001 1.5965811452861224e-002 9.0292731284677064e-001
 1.3306776946545162e-001 1.6058520625740896e-002 9.0293755056516056e-001
 1.3348130837719091e-001 1.5826910484437455e-002 9.0293705061257123e-001
 1.3389489681901937e-001 1.6090857401956690e-002 9.0295296055032093e-001
 1.3430855442458969e-001 1.5914267617010341e-002 9.0295428450571880e-001
 1.3472227198075823e-001 1.5922162672093121e-002 9.0296171821693560e-001
 1.3513606556136110e-001 1.5955356655452752e-002 9.0296999095171082e-001
 1.3554991566086994e-001 1.5916553940356536e-002 9.0297588069036805e-001
 1.3596383996192354e-001 1.5889370124505878e-002 9.0298215644382074e-001
 1.3637783971352010e-001 1.6102647050714416e-002 9.0299639571240053e-001
 1.3679189096811353e-001 1.5876260380836948e-002 9.0299607760301492e-001
 1.3720601691434031e-001 1.5823503201019579e-002 9.0300151005944751e-001
 1.3762024748272578e-001 1.6015223645835276e-002 9.0301503954493423e-001
 1.3803450675237741e-001 1.5879354197441839e-002 9.0301772227470656e-001
 1.3844885636757751e-001 1.5824890101036375e-002 9.0302310208878178e-001
 1.3886329050739010e-001 1.5836052910007330e-002 9.0303065642566327e-001
 1.3927779647062849e-001 1.5840957392077221e-002 9.0303800478012120e-001
 1.3969239312647841e-001 1.5893324116114778e-002 9.0304692629061611e-001
 1.4010704684569628e-001 1.5843940791092845e-002 9.0305247961269997e-001
 1.4052178217717415e-001 1.5803850012063220e-002 9.0305834204715707e-001
 1.4093661284462503e-001 1.5807907454949074e-002 9.0306566798333865e-001
 1.4135153357103680e-001 1.5862979528166135e-002 9.0307468469230456e-001
 1.4176649988870751e-001 1.5748162450529263e-002 9.0307807677191598e-001
 1.4218158657415270e-001 1.5773353845003897e-002 9.0308610694012126e-001
 1.4259671736677582e-001 1.5663195662355502e-002 9.0308965613780900e-001
 1.4301195612513587e-001 1.5613880794941179e-002 9.0309522186903357e-001
 -7.5359158863714498e-002 5.5057205402415915e-003 9.2921737734786747e-001
 -7.4942980946334406e-002 5.3363570682863123e-003 9.2921905664360960e-001
 -7.4526580869680392e-002 5.4156253075852206e-003 9.2922894861407868e-001
 -7.4110183713680985e-002 5.4147239893406430e-003 9.2923619366545729e-001
 -7.3693745915324058e-002 5.3994141824335986e-003 9.2924296371803661e-001
 -7.3277277353988202e-002 5.3561098554338188e-003 9.2924881004450410e-001
 -7.2860716252766522e-002 5.3747212633729865e-003 9.2925670218986611e-001
 -7.2444103632791884e-002 5.3948919980212930e-003 9.2926464671783926e-001
 -7.2027533290938875e-002 5.2756735552016813e-003 9.2926798845156477e-001
 -7.1610758366057403e-002 5.3932269640356318e-003 9.2927915098930725e-001
 -7.1194035559403512e-002 5.3576486097693960e-003 9.2928525683740215e-001
 -7.0777241532669982e-002 5.3489118376782302e-003 9.2929225012808492e-001
 -7.0360366919979322e-002 5.3868871612139709e-003 9.2930078706736685e-001
 -6.9943586848636455e-002 5.2000131551114565e-003 9.2930189875764535e-001
 -6.9526555583757699e-002 5.3261236545605077e-003 9.2931334829369494e-001
 -6.9109556478043649e-002 5.3198259795661489e-003 9.2932042569620421e-001
 -6.8692498680067160e-002 5.3338101994569983e-003 9.2932817374861643e-001
 -6.8275418096231777e-002 5.3021620535228450e-003 9.2933441560664587e-001
 -6.7858237584480008e-002 5.3524158012902105e-003 9.2934336327315781e-001
 -6.7441108224341059e-002 5.2393282919149953e-003 9.2934691719153395e-001
 -6.7023861634948681e-002 5.2210984152560886e-003 9.2935360496571695e-001
 -6.6606458535978783e-002 5.3833844998116632e-003 9.2936625536660533e-001
 -6.6189211038500076e-002 5.2139287660767676e-003 9.2936795030270980e-001
 -6.5771753802588540e-002 5.3016560774826939e-003 9.2937814002630637e-001
 -6.5354408709744155e-002 5.1330007926739330e-003 9.2937986309500542e-001
 -6.4936878868216891e-002 5.1700091276669653e-003 9.2938837955571485e-001
 -6.4519233985445013e-002 5.3226034728750477e-003 9.2940071419951820e-001
 -6.4101647642316573e-002 5.2918704021779556e-003 9.2940699510559810e-001
 -6.3684021909612268e-002 5.2460728740894025e-003 9.2941277933360977e-001
 -6.3266358685648283e-002 5.1835969997177248e-003 9.2941801356643483e-001
 -6.2848607788078922e-002 5.1692418521738373e-003 9.2942483807887766e-001
 -6.2430793915142314e-002 5.1828133658661131e-003 9.2943258571470033e-001
 -6.2012825610135228e-002 5.3795325102863343e-003 9.2944638282780334e-001
 -6.1595005928903997e-002 5.2350567238357206e-003 9.2944891249524875e-001
 -6.1177095339079550e-002 5.1611183104055625e-003 9.2945377260401085e-001
 -6.0759072602357751e-002 5.1973538085589967e-003 9.2946227216013044e-001
 -6.0341018120841236e-002 5.2016809315691788e-003 9.2946971878794371e-001
 -5.9922908110404252e-002 5.2134751754567641e-003 9.2947741291942088e-001
 -5.9504826314696585e-002 5.0806686120938513e-003 9.2948033243583406e-001
 -5.9086530878502477e-002 5.2537587703965979e-003 9.2949335513255027e-001
 -5.8668308674539503e-002 5.1961539578728923e-003 9.2949875995359443e-001
 -5.8250078568323788e-002 5.0667918925890645e-003 9.2950179578423398e-001
 -5.7831677196598562e-002 5.1587045960450719e-003 9.2951214018705819e-001
 -5.7413294559849747e-002 5.1310830462899673e-003 9.2951853773464410e-001
 -5.6994870413788687e-002 5.0813595380326823e-003 9.2952420629194066e-001
 -5.6576322291618776e-002 5.1673982238660361e-003 9.2953435932278916e-001
 -5.6157794725181745e-002 5.1333920849909887e-003 9.2954054860962454e-001
 -5.5739281308679486e-002 4.9756991092525021e-003 9.2954265402014480e-001
 -5.5320542108298204e-002 5.1482387040705530e-003 9.2955566629246023e-001
 -5.4901853808124054e-002 5.1338349037592240e-003 9.2956250557580278e-001
 -5.4483057438506836e-002 5.2359716714527830e-003 9.2957319443599651e-001
 -5.4064330611048018e-002 5.1230722508948581e-003 9.2957678247338960e-001
 -5.3645532900776623e-002 5.0433026135236663e-003 9.2958146555793475e-001
 -5.3226643185235192e-002 5.0339361089115665e-003 9.2958847467089689e-001
 -5.2807701632400589e-002 5.0467528201668926e-003 9.2959621708777496e-001
 -5.2388739108549812e-002 5.0049280393094078e-003 9.2960215583437911e-001
 -5.1969647114933237e-002 5.1115720192198167e-003 9.2961299866892688e-001
 -5.1550614725680323e-002 5.0172392239051788e-003 9.2961720503811418e-001
 -5.1131455813094563e-002 5.0845331803084214e-003 9.2962674986634830e-001
 -5.0712259890793587e-002 5.1236496728688441e-003 9.2963536503755873e-001
 -5.0293103627023189e-002 4.9733844882722802e-003 9.2963772691418378e-001
 -4.9873789566701243e-002 5.0677172861439065e-003 9.2964816716398069e-001
 -4.9454507267320709e-002 4.9920357867932787e-003 9.2965299368815846e-001
 -4.9035136707785525e-002 4.9939180046034912e-003 9.2966038258827988e-001
 -4.8615723503557542e-002 5.0023659212146921e-003 9.2966798900572889e-001
 -4.8196268847447793e-002 4.9868220719291017e-003 9.2967480403824132e-001
 -4.7776778793771929e-002 4.9523523326803964e-003 9.2968099483436795e-001
 -4.7357205618173442e-002 4.9784979045002804e-003 9.2968918835021785e-001
 -4.6937589794925301e-002 5.0069598977258833e-003 9.2969745908983681e-001
 -4.6517965265813886e-002 4.9625799157475498e-003 9.2970332504003095e-001
 -4.6098283471484522e-002 4.9349892893384836e-003 9.2970974630595571e-001
 -4.5678567906939187e-002 4.8914287078541275e-003 9.2971564089983938e-001
 -4.5258717919500632e-002 5.0260294064255568e-003 9.2972741999269726e-001
 -4.4838874708181681e-002 5.0492173621058348e-003 9.2973552057801512e-001
 -4.4419024069255103e-002 4.9792339668773685e-003 9.2974054515945503e-001
 -4.3999108905739742e-002 4.9620764323694000e-003 9.2974731496019081e-001
 -4.3579117227391093e-002 5.0170411210872208e-003 9.2975646727598793e-001
 -4.3159095270564871e-002 5.0367614495478545e-003 9.2976445649739459e-001
 -4.2739074662919117e-002 4.9410916006176267e-003 9.2976863598759518e-001
 -4.2318956511312185e-002 4.9763768198658612e-003 9.2977714077808937e-001
 -4.1898794327657279e-002 4.9943348054649235e-003 9.2978507426408563e-001
 -4.1478661199643663e-002 4.8661004088624629e-003 9.2978818057308743e-001
 -4.1058372014332829e-002 4.9773910374315859e-003 9.2979919773675257e-001
 -4.0638117149014844e-002 4.9097999207322243e-003 9.2980430836353645e-001
 -4.0217748620520140e-002 4.9964819404804215e-003 9.2981451443864926e-001
 -3.9797403780129297e-002 4.9339371877296020e-003 9.2981979324749309e-001
 -3.9376971088080026e-002 4.9731845069345216e-003 9.2982843434546913e-001
 -3.8956548919653694e-002 4.8834704932787416e-003 9.2983281748838609e-001
 -3.8536039123946174e-002 4.9084492189763575e-003 9.2984098884333310e-001
 -3.8115499126335120e-002 4.8956638412239947e-003 9.2984791391102661e-001
 -3.7694908239318849e-002 4.8883590832115307e-003 9.2985502081525506e-001
 -3.7274263566162168e-002 4.9166562179416666e-003 9.2986330408680162e-001
 -3.6853606972700188e-002 4.8677724876926183e-003 9.2986903937284104e-001
 -3.6432886680360280e-002 4.8764186822049293e-003 9.2987667517253914e-001
 -3.6012134795388097e-002 4.8467005893899733e-003 9.2988304489368478e-001
 -3.5591319564006046e-002 4.8745049833561491e-003 9.2989131487675991e-001
 -3.5170475790027175e-002 4.8852848083414165e-003 9.2989902327746266e-001
 -3.4749581981770396e-002 4.8922416133252832e-003 9.2990660633195688e-001
 -3.4328656691383193e-002 4.8789308389671493e-003 9.2991352078461131e-001
 -3.3907699609612589e-002 4.8511821806429189e-003 9.2991995911332048e-001
 -3.3486695653532461e-002 4.8300884768823953e-003 9.2992661798010889e-001
 -3.3065648542215338e-002 4.8135252672965711e-003 9.2993342717908367e-001
 -3.2644545639882352e-002 4.8217468345534359e-003 9.2994105564386043e-001
 -3.2223414768840997e-002 4.8215877848515739e-003 9.2994840790387501e-001
 -3.1802203747367218e-002 4.9030706561606196e-003 9.2995845704361690e-001
 -3.1380977213204111e-002 4.9227146176712665e-003 9.2996646478868306e-001
 -3.0959774353346150e-002 4.7733018455050711e-003 9.2996889056420828e-001
 -3.0538476805170571e-002 4.7782339404504231e-003 9.2997641382480623e-001
 -3.0117128615053022e-002 4.8065830899288141e-003 9.2998471110469927e-001
 -2.9695745131957489e-002 4.8256045026388271e-003 9.2999270103780229e-001
 -2.9274351163486124e-002 4.7752839174410545e-003 9.2999840176738158e-001
 -2.8852890104475139e-002 4.7767416604211025e-003 9.3000581317588271e-001
 -2.8431426275529713e-002 4.6809951897582545e-003 9.3001001535064209e-001
 -2.8009857343438853e-002 4.7997762717532973e-003 9.3002130217643342e-001
 -2.7588313051622872e-002 4.7025014234800379e-003 9.3002545529622327e-001
 -2.7166644258826200e-002 4.8872086108988529e-003 9.3003892047469916e-001
 -2.6745049396978686e-002 4.7197064412709674e-003 9.3004075586155011e-001
 -2.6323369413489537e-002 4.6938353124058221e-003 9.3004726880823874e-001
 -2.5901666896949543e-002 4.6198083555327720e-003 9.3005219224181668e-001
 -2.5479856233218488e-002 4.7757180266290895e-003 9.3006470912370776e-001
 -2.5058113121666968e-002 4.5864777991128161e-003 9.3006582939961102e-001
 -2.4636380032898173e-002 4.2239048143591137e-003 9.3006122676781922e-001
 -2.4214381788647790e-002 4.6525830032208082e-003 9.3008275261809592e-001
 -2.3792409382411454e-002 4.8417299261085036e-003 9.3009636968270426e-001
 -2.3370522631747617e-002 4.6434810562477023e-003 9.3009719503989730e-001
 -2.2948531683672925e-002 4.6669015501873152e-003 9.3010534082543994e-001
 -2.2526510213183186e-002 4.6703489782384004e-003 9.3011282771599479e-001
 -2.2104472281054426e-002 4.5989934279528806e-003 9.3011784520839080e-001
 -2.1682389941475862e-002 4.5617827923375969e-003 9.3012399080084562e-001
 -2.1260259406685918e-002 4.5746926813616477e-003 9.3013179200827123e-001
 -2.0838100751934693e-002 4.5588440525420673e-003 9.3013864421935544e-001
 -2.0415907300534285e-002 4.5434149563706779e-003 9.3014551088960384e-001
 -1.9993667286617445e-002 4.5606024227504323e-003 9.3015345523767978e-001
 -1.9571410334445195e-002 4.5215681573453591e-003 9.3015954367203124e-001
 -1.9149080323090630e-002 4.6242251497793964e-003 9.3017031144359852e-001
 -1.8726768234079164e-002 4.5370148566380858e-003 9.3017481026754312e-001
 -1.8304429093769153e-002 4.4090623895269411e-003 9.3017796442558742e-001
 -1.7882004993002708e-002 4.4855333609149367e-003 9.3018786928658703e-001
 -1.7459565920493178e-002 4.4896093491470831e-003 9.3019538422546533e-001
 -1.7037092448988871e-002 4.5027525410397196e-003 9.3020319912698246e-001
 -1.6614581682171285e-002 4.5275421836274586e-003 9.3021139919783669e-001
 -1.6192059349487708e-002 4.4779763748526002e-003 9.3021714456049331e-001
 -1.5769480032067702e-002 4.5105866206871141e-003 9.3022560403304100e-001
 -1.5346870924690090e-002 4.5346186081610005e-003 9.3023378080734143e-001
 -1.4924242074096882e-002 4.5237347546681125e-003 9.3024080514954310e-001
 -1.4501613622672707e-002 4.3548299905803913e-003 9.3024261228619198e-001
 -1.4078901018421228e-002 4.4253493294966178e-003 9.3025232568923877e-001
 -1.3656155595367496e-002 4.4964038463718246e-003 9.3026205733502620e-001
 -1.3233398421343160e-002 4.4803587986888055e-003 9.3026891351780594e-001
 -1.2810604178846840e-002 4.4924019335945871e-003 9.3027669770411914e-001
 -1.2387790846478159e-002 4.4516524748908978e-003 9.3028273923029436e-001
 -1.1964927039266472e-002 4.5056110232471590e-003 9.3029190850599885e-001
 -1.1542048065919774e-002 4.4892246690342958e-003 9.3029875554818164e-001
 -1.1119147563438393e-002 4.4322156834611156e-003 9.3030426177479097e-001
 -1.0696201227031603e-002 4.4418026036406287e-003 9.3031196752423539e-001
 -1.0273254307561375e-002 4.3169967841429190e-003 9.3031523619001699e-001
 -9.8502300705967903e-003 4.4334381115303427e-003 9.3032647119216583e-001
 -9.4272474032520218e-003 4.1802539490764555e-003 9.3032550195921171e-001
 -9.0041412330449828e-003 4.4333801622111375e-003 9.3034125116386024e-001
 -8.5810763732431707e-003 4.3101975799976992e-003 9.3034457548275729e-001
 -8.1579500892307918e-003 4.3616685314377072e-003 9.3035366721396462e-001
 -7.7348174418382272e-003 4.3016105597498775e-003 9.3035907683139785e-001
 -7.3116462837281527e-003 4.2794289489586244e-003 9.3036573764282982e-001
 -6.8884224252003688e-003 4.4179457688261810e-003 9.3037770497422856e-001
 -6.4652164029260686e-003 4.2991585234915643e-003 9.3038117687524469e-001
 -6.0419551255417739e-003 4.3280608340875455e-003 9.3038952584148238e-001
 -5.6186804227552033e-003 4.2836699235154355e-003 9.3039545520246913e-001
 -5.1953747155924273e-003 4.2583470905826039e-003 9.3040201465438999e-001
 -4.7720569638999063e-003 4.1461669623748211e-003 9.3040570664716415e-001
 -4.3486850038119487e-003 4.2225738701090025e-003 9.3041562595294725e-001
 -3.9252853101585990e-003 4.2908312731973625e-003 9.3042527668023522e-001
 -3.5018935455182381e-003 4.1597532238609545e-003 9.3042834603468250e-001
 -3.0784327091576838e-003 4.3006740651365255e-003 9.3044039687715308e-001
 -2.6549758594220717e-003 4.2611499116443647e-003 9.3044649010064229e-001
 -2.2314895850099655e-003 4.2314535971907860e-003 9.3045290831290739e-001
 -1.8079682308907946e-003 4.2737920332866731e-003 9.3046170542834039e-001
 -1.3844454541985839e-003 4.1572037044866322e-003 9.3046525546247583e-001
 -9.6089320533169207e-004 4.0947475189712368e-003 9.3047059323157311e-001
 -5.3731697878049104e-004 4.0186328581270220e-003 9.3047548047307116e-001
 -1.1367841815330211e-004 4.2166569591701470e-003 9.3048941973460209e-001
 3.0994425177021171e-004 4.1192526844461173e-003 9.3049360489228150e-001
 7.3361213968954684e-004 4.2137868416643343e-003 9.3050412785517000e-001
 1.1572827104318934e-003 4.1111767703601492e-003 9.3050814197578968e-001
 1.5810011283129372e-003 4.2493493287942882e-003 9.3052010658146456e-001
 2.0047172248655741e-003 4.1495885643338237e-003 9.3052421556981602e-001
 2.4284583229955718e-003 4.0843501156313921e-003 9.3052946477941656e-001
 2.8522448187290176e-003 4.2343465664341946e-003 9.3054182095061755e-001
 3.2760201050868439e-003 4.0589532850419732e-003 9.3054343389936489e-001
 3.6998417435129142e-003 4.1341868640105278e-003 9.3055332232293198e-001
 4.1236688016962168e-003 4.0469188752131216e-003 9.3055784570979205e-001
 4.5475437685615055e-003 4.2245537527726938e-003 9.3057111593349218e-001
 4.9714013366511786e-003 4.0227252779968699e-003 9.3057185753873917e-001
 5.3952993825757741e-003 4.0147811840268695e-003 9.3057900111358471e-001
 5.8192304607799930e-003 4.1226991334204670e-003 9.3058997055223480e-001
 6.2431622495514837e-003 4.0536942901288914e-003 9.3059509874254964e-001
 6.6671228165736699e-003 4.0511221627966259e-003 9.3060242076986865e-001
 7.0911003440458356e-003 4.0448553333675323e-003 9.3060962110967982e-001
 7.5151015614047072e-003 4.0726896822705213e-003 9.3061794774360296e-001
 7.9391222982650202e-003 4.1056967771229127e-003 9.3062644550128026e-001
 8.3631557771990401e-003 4.0624846461489311e-003 9.3063242703716520e-001
 8.7872096685559960e-003 4.0357169853612257e-003 9.3063895185823897e-001
 9.2112774983234766e-003 3.9300798342831178e-003 9.3064287297762205e-001
 9.6353774816064757e-003 4.0493919161417175e-003 9.3065422155443545e-001
 1.0059487465423364e-002 4.0363198950926354e-003 9.3066119952901682e-001
 1.0483618488470754e-002 4.0675623545624595e-003 9.3066964095250604e-001
 1.0907760748248481e-002 4.0190520508444020e-003 9.3067544946507663e-001
 1.1331922731206858e-002 3.9925587674448501e-003 9.3068198523341139e-001
 1.1756104480484905e-002 4.0105104858354267e-003 9.3068998873768893e-001
 1.2180296780530375e-002 3.9214283684581627e-003 9.3069445861059030e-001
 1.2604516577802413e-002 3.9949916113007546e-003 9.3070429884271988e-001
 1.3028745226276910e-002 3.9838335328450103e-003 9.3071134208096173e-001
 1.3452993439855912e-002 3.9967351173142637e-003 9.3071918001183795e-001
 1.3877255076789823e-002 3.9674265710795860e-003 9.3072562457284669e-001
 1.4301530073810525e-002 3.8742664026695595e-003 9.3072996125011220e-001
 1.4725826292075367e-002 3.9578229668650817e-003 9.3074013275562617e-001
 1.5150134801670075e-002 3.9093978814740060e-003 9.3074594698627866e-001
 1.5574456417974600e-002 3.8235561634912089e-003 9.3075052610306452e-001
 1.5998795718997118e-002 3.8469572977403270e-003 9.3075871227713480e-001
 1.6423149814390869e-002 3.8558766333765633e-003 9.3076642058042725e-001
 1.6847518502864596e-002 3.8581790704021032e-003 9.3077391067597792e-001
 1.7271902338271809e-002 3.9021535180800400e-003 9.3078277687403899e-001
 1.7696295487017961e-002 3.7882333225183291e-003 9.3078643020506036e-001
 1.8120708569900106e-002 3.9278449261955012e-003 9.3079845445845555e-001
 1.8545130088230413e-002 3.8766896689702976e-003 9.3080418052445502e-001
 1.8969566570038322e-002 3.9057220293132145e-003 9.3081255431621046e-001
 1.9394014639310751e-002 3.8152895045195211e-003 9.3081698407273383e-001
 1.9818477417290533e-002 3.8475522917840728e-003 9.3082546497927598e-001
 2.0242951308676697e-002 3.7943742541492326e-003 9.3083112517641231e-001
 2.0667438121610045e-002 3.8291705461380296e-003 9.3083969014873968e-001
 2.1091937345680486e-002 3.8130792844896957e-003 9.3084657524080716e-001
 2.1516447419005574e-002 3.6831143273646700e-003 9.3084970088276242e-001
 2.1940970195992279e-002 3.6587656657800921e-003 9.3085631376103772e-001
 2.2365504361339012e-002 3.7588718252629218e-003 9.3086703582305153e-001
 2.2790049334933875e-002 3.7055412835421356e-003 9.3087269222699820e-001
 2.3214604528261615e-002 3.8801988864345218e-003 9.3088587603750039e-001
 2.3639172096100964e-002 3.7048421834128386e-003 9.3088750403573972e-001
 2.4063749955386168e-002 3.6966269532457035e-003 9.3089465053569898e-001
 2.4488338135573572e-002 3.6725174405431741e-003 9.3090127245233278e-001
 2.4912936190780385e-002 3.6401176364964666e-003 9.3090762083027168e-001
 2.5337542970205795e-002 3.6914132664887136e-003 9.3091673263859043e-001
 2.5762161582350361e-002 3.6506928396738475e-003 9.3092280666303784e-001
 2.6186788662854413e-002 3.6392472908252332e-003 9.3092984737113649e-001
 2.6611425004553685e-002 3.6011240373381268e-003 9.3093600745328309e-001
 2.7036070977386528e-002 3.5886115363187939e-003 9.3094301326508755e-001
 2.7460721760982579e-002 3.6978182334388952e-003 9.3095403782673036e-001
 2.7885383939503797e-002 3.7039533190017203e-003 9.3096165958804322e-001
 2.8310058538677720e-002 3.5892443281078067e-003 9.3096529179347276e-001
 2.8734735825310036e-002 3.6295257325214070e-003 9.3097404118932059e-001
 2.9159423597156928e-002 3.6147673116856778e-003 9.3098097358038179e-001
 2.9584121755212460e-002 3.5324747042456339e-003 9.3098567645265806e-001
 3.0008816735688813e-002 3.7110953273319794e-003 9.3099899354793758e-001
 3.0433530411455991e-002 3.6160280523865199e-003 9.3100327492450019e-001
 3.0858250184703631e-002 3.5629090520693423e-003 9.3100894136656842e-001
 3.1282976990633024e-002 3.5057678110624441e-003 9.3101447513370916e-001
 3.1707706150414988e-002 3.5378090954641403e-003 9.3102295338105501e-001
 3.2132443894861043e-002 3.5339957597571529e-003 9.3103024800673850e-001
 3.2557183549757708e-002 3.6058157401680380e-003 9.3104003976588479e-001
 3.2981936808558598e-002 3.5483228523968801e-003 9.3104556238525382e-001
 3.3406695896095538e-002 3.4951162368970314e-003 9.3105122662148398e-001
 3.3831453867405811e-002 3.5580789511066354e-003 9.3106072627024272e-001
 3.4256221607308998e-002 3.5502422742112868e-003 9.3106788858584366e-001
 3.4681004299189210e-002 3.4000056360733843e-003 9.3107034970339531e-001
 3.5105773141620507e-002 3.5391976267477449e-003 9.3108236631831931e-001
 3.5530556882997472e-002 3.5268984418602200e-003 9.3108938157987486e-001
 3.5955340908766266e-002 3.5807798728489451e-003 9.3109858185731831e-001
 3.6380141161788372e-002 3.4754579991446541e-003 9.3110252618191092e-001
 3.6804940687634673e-002 3.4425341533567706e-003 9.3110886077801513e-001
 3.7229736354636001e-002 3.5168935608486879e-003 9.3111873735714634e-001
 3.7654549095331828e-002 3.4283333692028406e-003 9.3112323530150343e-001
 3.8079355023748457e-002 3.4737934721527489e-003 9.3113215792409332e-001
 3.8504184540442375e-002 3.2772635599097955e-003 9.3113309144677792e-001
 3.8928989002585769e-002 3.4283704569884766e-003 9.3114550206506497e-001
 3.9353809127260039e-002 3.4289366381379683e-003 9.3115294272358018e-001
 3.9778641497508913e-002 3.3351347304599000e-003 9.3115726795104237e-001
 4.0203458021856167e-002 3.4443372118356250e-003 9.3116829526912948e-001
 4.0628297413570824e-002 3.3415257543867416e-003 9.3117232316109644e-001
 4.1053133840499842e-002 3.2993523709214760e-003 9.3117835302031693e-001
 4.1477977610051162e-002 3.2087517846129720e-003 9.3118278414135969e-001
 4.1902793443823506e-002 3.4309701642841967e-003 9.3119754276611533e-001
 4.2327636714591013e-002 3.3958562169644777e-003 9.3120380581836260e-001
 4.2752495958909745e-002 3.2205265370486777e-003 9.3120543980462733e-001
 4.3177325163857118e-002 3.3629585043123715e-003 9.3121756444479653e-001
 4.3602169125439530e-002 3.3762937394478721e-003 9.3122542710124845e-001
 4.4027022495110889e-002 3.3206970462855184e-003 9.3123101407416231e-001
 4.4451866584869264e-002 3.3608884530077635e-003 9.3123976341284886e-001
 4.4876740138683743e-002 3.1432591414509601e-003 9.3124000108977589e-001
 4.5301573699121002e-002 3.3018754279016799e-003 9.3125266014549291e-001
 4.5726436732323697e-002 3.2042253365460616e-003 9.3125685885751286e-001
 4.6151283716514481e-002 3.2637769081085982e-003 9.3126624743954334e-001
 4.6576136475336601e-002 3.2699401344090532e-003 9.3127387345954582e-001
 4.7001000575477174e-002 3.1867524443268871e-003 9.3127854967903378e-001
 4.7425841489999086e-002 3.3015747305658659e-003 9.3128976296601074e-001
 4.7850710358229527e-002 3.1903751290236985e-003 9.3129351443104325e-001
 4.8275561640470643e-002 3.2220229073024872e-003 9.3130198182002266e-001
 4.8700412588401576e-002 3.2557096091976696e-003 9.3131051652000785e-001
 4.9125265742006395e-002 3.2714225080899425e-003 9.3131845783770084e-001
 4.9550131842587115e-002 3.1837916182007307e-003 9.3132298739601038e-001
 4.9974980824422435e-002 3.2288470946930138e-003 9.3133189741168343e-001
 5.0399841759012458e-002 3.1782298937256693e-003 9.3133764891905302e-001
 5.0824706877445829e-002 3.0809188991277299e-003 9.3134185886307974e-001
 5.1249549609265470e-002 3.1590109420822823e-003 9.3135185950069765e-001
 5.1674412502142227e-002 3.0801061340378459e-003 9.3135667710219017e-001
 5.2099262191946639e-002 3.0926769702280081e-003 9.3136451462141923e-001
 5.2524121669829331e-002 3.0249136326121907e-003 9.3136970000864050e-001
 5.2948963484978365e-002 3.0695817992068128e-003 9.3137859711173054e-001
 5.3373798671354382e-002 3.1569182455238091e-003 9.3138890282958586e-001
 5.3798656813550914e-002 3.0669357248086010e-003 9.3139335460770689e-001
 5.4223490886817077e-002 3.1498813046430913e-003 9.3140351533781796e-001
 5.4648344849188832e-002 3.0726766354974996e-003 9.3140838891485989e-001
 5.5073173187002104e-002 3.1527076351069942e-003 9.3141845331735240e-001
 5.5498019668183997e-002 3.1049724349968347e-003 9.3142429972398788e-001
 5.5922874874865504e-002 2.9843169825817246e-003 9.3142773875715434e-001
 5.6347684173754291e-002 3.1564873897523002e-003 9.3144084489015266e-001
 5.6772552319195153e-002 2.9302255951837671e-003 9.3144079746361352e-001
 5.7197370432477815e-002 3.0142901707619699e-003 9.3145099485951344e-001
 5.7622191333207784e-002 3.0604055849277525e-003 9.3145993937935534e-001
 5.8047019934160039e-002 3.0436909656843987e-003 9.3146680964521822e-001
 5.8471863180259875e-002 2.9173927480965409e-003 9.3147006216859562e-001
 5.8896668416384482e-002 3.0185370534271082e-003 9.3148082324173742e-001
 5.9321483635225700e-002 3.0410431590888343e-003 9.3148898818034143e-001
 5.9746307593289083e-002 2.9990492901350758e-003 9.3149502374854909e-001
 6.0171129133451295e-002 2.9423284366839526e-003 9.3150057305023937e-001
 6.0595926707129724e-002 3.0238742497668896e-003 9.3151068692814820e-001
 6.1020733110895856e-002 3.0229016573500942e-003 9.3151807654299223e-001
 6.1445554621964160e-002 2.9235687547998976e-003 9.3152221897010201e-001
 6.1870372663811131e-002 2.8288841314388583e-003 9.3152651480360460e-001
 6.2295154469187514e-002 2.9174941917978810e-003 9.3153686163833049e-001
 6.2719949685011558e-002 2.9261612855473254e-003 9.3154456932038199e-001
 6.3144752688473721e-002 2.8589374052978489e-003 9.3154977153160423e-001
 6.3569531500658166e-002 2.9153388330119719e-003 9.3155905491785795e-001
 6.3994335825496920e-002 2.8064756997865561e-003 9.3156288239580820e-001
 6.4419106723583031e-002 2.8672348796894478e-003 9.3157230951879610e-001
 6.4843895674172272e-002 2.8182462907569267e-003 9.3157811353859543e-001
 6.5268663278607975e-002 2.8564695493205816e-003 9.3158679656088605e-001
 6.5693425250131582e-002 2.9132631649286395e-003 9.3159609260134546e-001
 6.6118191054755318e-002 2.9208768037786203e-003 9.3160376498882369e-001
 6.6542959906457644e-002 2.9114000016775012e-003 9.3161087317368052e-001
 6.6967731813692422e-002 2.8445429004714182e-003 9.3161608695115627e-001
 6.7392512745330757e-002 2.7254677132196592e-003 9.3161957686051189e-001
 6.7817251377312260e-002 2.8075009178073441e-003 9.3162970580031634e-001
 6.8241999949288035e-002 2.8160099672226630e-003 9.3163740744948875e-001
 6.8666748862966157e-002 2.8118568995334735e-003 9.3164469105375958e-001
 6.9091505814872833e-002 2.7375232780746869e-003 9.3164965772609754e-001
 6.9516238354896676e-002 2.7661537963657827e-003 9.3165802342307258e-001
 6.9940974660733957e-002 2.7578787884883671e-003 9.3166517071761323e-001
 7.0365724822986808e-002 2.6760048890190633e-003 9.3166988832245667e-001
 7.0790445954880210e-002 2.7211559512307737e-003 9.3167879926032959e-001
 7.1215157829767270e-002 2.7869649084377212e-003 9.3168839207494691e-001
 7.1639896639425049e-002 2.6980839730131388e-003 9.3169287813803003e-001
 7.2064602889607476e-002 2.7425275355602084e-003 9.3170176545718675e-001
 7.2489321951045474e-002 2.7238948089618117e-003 9.3170857048131006e-001
 7.2914064635616158e-002 2.5538860392137846e-003 9.3171037810568091e-001
 7.3338758406958068e-002 2.6339495800194383e-003 9.3172044123155962e-001
 7.3763455917160978e-002 2.6595588263784117e-003 9.3172870656659890e-001
 7.4188162254911455e-002 2.6344409706010354e-003 9.3173529725621640e-001
 7.4612844546060264e-002 2.6938811571743234e-003 9.3174467928344795e-001
 7.5037545822152718e-002 2.6543346384974862e-003 9.3175079350970802e-001
 7.5462254677939114e-002 2.5563229199632147e-003 9.3175497758868098e-001
 7.5886921432895868e-002 2.6550957577622498e-003 9.3176565794636546e-001
 7.6311628185208549e-002 2.5407505146648338e-003 9.3176930272298897e-001
 7.6736288830883209e-002 2.6391583565068839e-003 9.3177997092327824e-001
 7.7160977246326756e-002 2.5929664354589258e-003 9.3178586552108034e-001
 7.7585648008305835e-002 2.5896036022513887e-003 9.3179317385025762e-001
 7.8010326624318380e-002 2.5556381415388326e-003 9.3179947194413748e-001
 7.8434974918902736e-002 2.6467818021819055e-003 9.3180990009534670e-001
 7.8859671971596601e-002 2.4856465174825431e-003 9.3181199988836050e-001
 7.9284309395054264e-002 2.6095324985973755e-003 9.3182350886599119e-001
 7.9708999296755650e-002 2.4535973300930129e-003 9.3182578022045559e-001
 8.0133649805960591e-002 2.4857691166801105e-003 9.3183426140235359e-001
 8.0558298323595956e-002 2.5096362708884948e-003 9.3184246836475515e-001
 8.0982936812002151e-002 2.5664208947212275e-003 9.3185176195098929e-001
 8.1407600395203020e-002 2.4956253574942699e-003 9.3185684380504286e-001
 8.1832244642963431e-002 2.5209762359403851e-003 9.3186509967929976e-001
 8.2256899538611122e-002 2.4685685577793349e-003 9.3187078847282490e-001
 8.2681552911496758e-002 2.4095186613113579e-003 9.3187625794109885e-001
 8.3106196032254415e-002 2.3941622631677636e-003 9.3188316980932406e-001
 8.3530815697887811e-002 2.4857247687158023e-003 9.3189361128889237e-001
 8.3955474333382157e-002 2.3774463703096554e-003 9.3189745552705860e-001
 8.4380104917375950e-002 2.3965283559292507e-003 9.3190550418961793e-001
 8.4804746114343604e-002 2.3598846619181618e-003 9.3191171320554067e-001
 8.5229374152515691e-002 2.3792276900802306e-003 9.3191977044217023e-001
 8.5654006306998057e-002 2.3645054816508618e-003 9.3192670305713354e-001
 8.6078649301712246e-002 2.3051578876652143e-003 9.3193216251534827e-001
 8.6503284750167511e-002 2.2843672552581508e-003 9.3193889483353454e-001
 8.6927880476820305e-002 2.4183901336995183e-003 9.3195073776121851e-001
 8.7352523729270659e-002 2.3544838729046983e-003 9.3195604671556398e-001
 8.7777170594386375e-002 2.2486325995557995e-003 9.3195997088174842e-001
 8.8201784562190785e-002 2.3113524769567172e-003 9.3196945999717484e-001
 8.8626415274427592e-002 2.2868420902195574e-003 9.3197606942167266e-001
 8.9051038098210342e-002 2.3142589950646973e-003 9.3198439313330306e-001
 8.9475653740029706e-002 2.3632431898876335e-003 9.3199342878240155e-001
 8.9900296106950703e-002 2.2774420113677888e-003 9.3199801484141676e-001
 9.0324929149995348e-002 2.2521152044008607e-003 9.3200459735180763e-001
 9.0749559123368226e-002 2.2482063928812969e-003 9.3201188694242210e-001
 9.1174192999932610e-002 2.2350943543535018e-003 9.3201887274863937e-001
 9.2023464153593665e-002 2.1903708485286099e-003 9.3203223364566212e-001
 9.2448052921029672e-002 2.3916854659823952e-003 9.3204629814738404e-001
 9.2872584610131467e-002 2.8141776999811804e-003 9.3206766402436669e-001
 9.3297360695357670e-002 2.2306418314384392e-003 9.3205581927340952e-001
 9.3722008361467629e-002 2.1837473778764283e-003 9.3206168996456107e-001
 9.4571300175677997e-002 2.1647198269632260e-003 9.3207589959696768e-001
 9.4995952250519447e-002 2.1419193096260981e-003 9.3208256584752203e-001
 9.5420578052387336e-002 2.2513955794093120e-003 9.3209359887289034e-001
 9.5845276610747057e-002 2.0651894867545241e-003 9.3209487095755617e-001
 9.6269943268395580e-002 2.0223943028227693e-003 9.3210087732147795e-001
 9.6694582275571581e-002 2.1216045804773260e-003 9.3211157163684477e-001
 9.7119275478485867e-002 2.0054782722417883e-003 9.3211515737332562e-001
 9.7543920487398947e-002 2.1189009764433532e-003 9.3212632102924120e-001
 9.7968590035300063e-002 2.1436840720713375e-003 9.3213455859966654e-001
 9.8393272100328694e-002 2.1341070610371477e-003 9.3214166195980130e-001
 9.8817965100737787e-002 2.1120127952042071e-003 9.3214835224287096e-001
 9.9242654594055235e-002 2.1208489629321549e-003 9.3215606365998660e-001
 9.9667358203419557e-002 2.0769449595295078e-003 9.3216203406084142e-001
 1.0009206531183834e-001 2.0699424066879576e-003 9.3216922285649451e-001
 1.0051679640935218e-001 2.0047422429684751e-003 9.3217449062623048e-001
 1.0094149059354952e-001 2.0824537517536894e-003 9.3218447610492772e-001
 1.0136620719002291e-001 2.1167283725323270e-003 9.3219302786833602e-001
 1.0179098121870093e-001 1.9559584149159088e-003 9.3219514106777834e-001
 1.0221569984101231e-001 2.0337134817306349e-003 9.3220512841153647e-001
 1.0264047545958688e-001 1.9238117695662177e-003 9.3220892109837195e-001
 1.0306520518941806e-001 2.0512194815006336e-003 9.3222054796169607e-001
 1.0349001873830284e-001 1.8565018685072717e-003 9.3222154104005450e-001
 1.0391480238733324e-001 1.8282939903980229e-003 9.3222803106057517e-001
 1.0433954333166026e-001 2.0204653686286276e-003 9.3224179634891546e-001
 1.0476435151607680e-001 1.9650758499749300e-003 9.3224738937245255e-001
 1.0518913538861115e-001 2.0659267117038617e-003 9.3225814038405730e-001
 1.0561400611897602e-001 1.8113511879731196e-003 9.3225715820014554e-001
 1.0603881360588477e-001 1.9141168201755956e-003 9.3226797284213547e-001
 1.0646365142786819e-001 1.9284438475792366e-003 9.3227586813621255e-001
 1.0688850535049257e-001 1.9365005556872508e-003 9.3228355669150553e-001
 1.0731341166182147e-001 1.7371303840973554e-003 9.3228439778221062e-001
 1.0773826205256148e-001 1.8680286484613231e-003 9.3229614199722410e-001
 1.0816317191036690e-001 1.7781144705459430e-003 9.3230059693525780e-001
 1.0858804428911681e-001 1.9124670144728872e-003 9.3231245558048126e-001
 1.0901297661492207e-001 1.8678811112451050e-003 9.3231840746368588e-001
 1.0943791697724911e-001 1.8399900095473459e-003 9.3232491068077017e-001
 1.0986288115778201e-001 1.7743574749575720e-003 9.3233016824756054e-001
 1.1028784644708363e-001 1.7756360942282141e-003 9.3233763496399169e-001
 1.1071284524564375e-001 1.6857101989252307e-003 9.3234209106903554e-001
 1.1113785263926086e-001 1.6540399918728876e-003 9.3234847068674431e-001
 1.1156285769945389e-001 1.6832277472809876e-003 9.3235685954254721e-001
 1.1198789773999838e-001 1.6739653219719514e-003 9.3236397954313899e-001
 1.1241291128656558e-001 1.8331730997537511e-003 9.3237666127196894e-001
 1.1283803725589177e-001 1.5654125841250181e-003 9.3237524823325701e-001
 1.1326310607337881e-001 1.6526036458906520e-003 9.3238555323284655e-001
 1.1368820618015897e-001 1.6871021701626114e-003 9.3239411908887282e-001
 1.1411334359184409e-001 1.6350403834427089e-003 9.3239982773226815e-001
 1.1453851276253930e-001 1.5587822863698229e-003 9.3240473806817004e-001
 1.1496365516533445e-001 1.6506738460035277e-003 9.3241519954440555e-001
 1.1538887946900253e-001 1.5036551855207520e-003 9.3241777462163411e-001
 1.1581407346219648e-001 1.6067079440484570e-003 9.3242860549594109e-001
 1.1623933134885248e-001 1.5157967710175270e-003 9.3243303359766627e-001
 1.1666456845660850e-001 1.5974109777522579e-003 9.3244315741268191e-001
 1.1708986761341515e-001 1.5185449005930521e-003 9.3244798391480721e-001
 1.1751518544454635e-001 1.4775300429428477e-003 9.3245406043430790e-001
 1.1794052473202851e-001 1.4442075852805199e-003 9.3246039129998293e-001
 1.1836588362019175e-001 1.4400998330852391e-003 9.3246768705715277e-001
 1.1879123809670274e-001 1.5849406423650528e-003 9.3247990040428486e-001
 1.1921667737294529e-001 1.4616591751996262e-003 9.3248326294146489e-001
 1.1964211795909571e-001 1.4539244396270792e-003 9.3249044037793871e-001
 1.2006758352430640e-001 1.4567893354415242e-003 9.3249796820691910e-001
 1.2049309451483392e-001 1.4099355103661102e-003 9.3250385532246050e-001
 1.2091859407080763e-001 1.5301384683386835e-003 9.3251525776404220e-001
 1.2134415347262213e-001 1.5042938809241755e-003 9.3252183936372701e-001
 1.2176976463981939e-001 1.4069881334894303e-003 9.3252606251509407e-001
 1.2219536707636064e-001 1.4744354839537129e-003 9.3253572498156045e-001
 1.2262103367520633e-001 1.4118220559703630e-003 9.3254109449863587e-001
 1.2304672260607608e-001 1.3929602036840609e-003 9.3254790890241024e-001
 1.2347243110862718e-001 1.4168473790507766e-003 9.3255613504465762e-001
 1.2389818286960110e-001 1.4095412952277449e-003 9.3256333206993014e-001
 1.2432397706525813e-001 1.3729131646589778e-003 9.3256956174355210e-001
 1.2474979467778861e-001 1.3968994791069306e-003 9.3257779306520627e-001
 1.2517566795889337e-001 1.3402214065264082e-003 9.3258336215414506e-001
 1.2560153956461703e-001 1.4399466366589347e-003 9.3259409500565360e-001
 1.2602748177475903e-001 1.4100617993820373e-003 9.3260054990093944e-001
 1.2645345033399197e-001 1.4199213513815775e-003 9.3260831745234107e-001
 1.2687947712577877e-001 1.3509018354067907e-003 9.3261348175969261e-001
 1.2730553148156798e-001 1.3485648318091448e-003 9.3262084813008150e-001
 1.2773164198944717e-001 1.2742297071458954e-003 9.3262583840055346e-001
 1.2815774057713333e-001 1.4176184288992562e-003 9.3263801680599501e-001
 1.2858395788313920e-001 1.2325360567751091e-003 9.3263935252507812e-001
 1.2901018185165372e-001 1.2377128906572621e-003 9.3264696993466079e-001
 1.2943641163403236e-001 1.3863882842473914e-003 9.3265932517627881e-001
 1.2986273268456369e-001 1.3421495713425487e-003 9.3266531278446674e-001
 1.3028915019512013e-001 1.0730001908886148e-003 9.3266387645548143e-001
 1.3071550319533556e-001 1.2933669142860332e-003 9.3267860080177856e-001
 1.3114197295812416e-001 1.1817588475196681e-003 9.3268236674995153e-001
 1.3156847306720595e-001 1.1907169773120868e-003 9.3269011382673450e-001
 1.3199499546297330e-001 1.3085822695287316e-003 9.3270145695810969e-001
 1.3242161691413293e-001 1.2144970654357440e-003 9.3270580408904391e-001
 1.3284828458970852e-001 1.1042325729693023e-003 9.3270961785420070e-001
 1.3327496299087949e-001 1.2266490430322444e-003 9.3272111397223911e-001
 1.3370173034508925e-001 1.1625552529226381e-003 9.3272645384498787e-001
 1.3412854728721035e-001 1.1451489519782381e-003 9.3273333601237007e-001
 1.3455539469458047e-001 1.1899222814534996e-003 9.3274227162689061e-001
 1.3498233434881007e-001 1.0986174045131587e-003 9.3274671611203352e-001
 1.3540930994814693e-001 1.1020286858475325e-003 9.3275428836197838e-001
 1.3583636799138651e-001 1.0147959502634829e-003 9.3275886936078578e-001
 1.3626342017155332e-001 1.1924723855017926e-003 9.3277219646514253e-001
 1.3669061178824793e-001 9.8451277256688340e-004 9.3277279389413914e-001
 1.3711783745495515e-001 9.4944865532253374e-004 9.3277910021403432e-001
 1.3754510400583392e-001 9.7458067311585804e-004 9.3278739467626048e-001
 1.3797244237334999e-001 9.8533252769848517e-004 9.3279521561951739e-001
 1.3839983857997246e-001 1.0042297858282050e-003 9.3280330650089516e-001
 1.3882729603059282e-001 1.0346493415101705e-003 9.3281177887098865e-001
 1.3925485582944055e-001 9.0496688043785836e-004 9.3281496712107281e-001
 1.3968245222764830e-001 9.1471114335186306e-004 9.3282275930582326e-001
 1.4011010158332873e-001 9.6901064044458210e-004 9.3283202344581262e-001
 1.4053784264321567e-001 9.6355121306385973e-004 9.3283931619479121e-001
 1.4096564479634036e-001 9.8928377122106908e-004 9.3284763984180530e-001
 1.4139352371009473e-001 9.5903401393847396e-004 9.3285411652478201e-001
 1.4182145317765410e-001 1.0507211812798929e-003 9.3286461994519709e-001
 1.4224948936733503e-001 1.0001829062010778e-003 9.3287042953275612e-001
 1.4267759635749294e-001 9.3225274817203816e-004 9.3287566614903128e-001
 1.4310576878915673e-001 9.5021822077382898e-004 9.3288373982800021e-001
