138.8  442.1  118.6  -2.795  -1.144  0.076  
138.8  442.1  118.6  -2.795  -1.144  0.076  
161.2  419.1  98.9  -2.681  -1.097  0.146  
161.2  419.1  99  -2.681  -1.097  0.146  
80.7  501.1  147.1  2.755  1.128  0.097  
80.7  501.1  147.1  2.755  1.128  0.097  
45.7  536.7  151.7  2.601  1.065  0.186  
45.7  536.7  151.7  2.601  1.065  0.186  
74.7  427.2  128.1  -2.821  -1.155  -0.294  
74.7  427.2  128.1  -2.821  -1.155  -0.294  
36.4  389.6  110.8  -2.71  -1.109  -0.574  
36.4  389.6  110.8  -2.71  -1.109  -0.574  
138.1  489.7  131.8  2.858  1.17  -0.175  
138.1  489.6  131.9  2.858  1.17  -0.175  
161.2  512.4  125.8  2.802  1.147  -0.344  
161.2  512.3  125.8  2.802  1.147  -0.344  
93.8  450.9  133.9  3.036  0.8  0  
93.8  450.9  133.9  3.036  0.8  0  
126  479.8  133.9  2.791  1.438  -0.001  
126  479.8  133.9  2.791  1.438  -0.001  
112.5  464.5  133.9  2.906  1.19  0  
112.5  464.5  133.9  2.906  1.19  0  
110.4  462.4  133.9  2.906  1.19  0  
110.4  462.4  133.9  2.906  1.19  0  
116.8  468.7  133.9  2.906  1.19  0  
116.8  468.7  133.9  2.906  1.19  0  
118.9  470.8  133.9  2.906  1.19  0  
118.9  470.8  133.9  2.906  1.19  0  
112.6  468.7  133.9  2.906  1.19  0  
112.6  468.7  133.9  2.906  1.19  0  
110.4  470.8  133.9  2.906  1.19  0  
110.4  470.9  133.9  2.906  1.19  0  
116.8  464.4  133.9  2.906  1.19  0  
116.8  464.4  133.9  2.906  1.19  0  
118.9  462.3  133.9  2.906  1.19  0  
118.9  462.3  133.9  2.906  1.19  0  
114.6  466.6  138.9  2.906  1.19  0  
114.6  466.6  138.9  2.906  1.19  0  
114.6  466.6  143.9  2.906  1.19  -0.001  
114.6  466.6  143.9  2.906  1.19  0  
114.6  466.6  130.9  2.906  1.19  0  
114.7  466.6  130.9  2.906  1.19  0  
114.7  466.6  127.9  2.906  1.19  0  
114.7  466.6  127.9  2.906  1.19  0  
