-516.5  -284.9  232.7  -2.827  -1.058  -0.076  
-516.5  -284.9  232.7  -2.827  -1.058  -0.076  
-516.8  -294.7  208.4  -2.712  -1.015  -0.148  
-516.8  -294.7  208.4  -2.712  -1.015  -0.148  
-515.4  -255.1  277.6  2.821  1.055  -0.081  
-515.4  -255.1  277.6  2.821  1.055  -0.081  
-514.6  -235.3  297.3  2.698  1.008  -0.157  
-514.6  -235.3  297.3  2.698  1.008  -0.157  
-494.4  -273  244.4  -2.853  -1.064  0.295  
-494.4  -273  244.4  -2.853  -1.064  0.294  
-475.5  -273.9  229.2  -2.739  -1.019  0.572  
-475.5  -273.9  229.2  -2.739  -1.019  0.572  
-529.5  -271.4  259.7  2.893  1.084  0.174  
-529.5  -271.4  259.7  2.893  1.084  0.174  
-543.5  -270.8  262.2  2.834  1.064  0.342  
-543.5  -270.8  262.2  2.834  1.064  0.342  
-473.2  -257.2  255.4  -2.773  -1.474  0.003  
-473.2  -257.2  255.4  -2.773  -1.474  0.004  
-546  -275.4  255.4  3.027  0.84  0.003  
-546  -275.4  255.4  -3.026  -0.839  -0.002  
-526  -271.5  255.4  2.942  1.101  0  
-526  -271.5  255.4  2.942  1.101  0  
-536  -271.1  255.4  2.942  1.101  0  
-536  -271.1  255.4  2.942  1.101  0  
-506  -272.4  255.5  2.942  1.101  0  
-506  -272.4  255.5  -2.941  -1.1  0  
-496  -272.8  255.5  2.942  1.101  0  
-496  -272.8  255.5  -2.941  -1.1  0  
-516.4  -282  255.5  2.942  1.101  0  
-516.4  -282  255.5  2.942  1.101  0  
-516.9  -292  255.6  2.942  1.101  0  
-516.9  -292  255.6  -2.941  -1.1  0  
-515.6  -262  255.4  2.942  1.101  0  
-515.6  -262  255.3  -2.941  -1.1  0  
-515.1  -252  255.2  2.942  1.101  0  
-515.1  -252  255.3  2.942  1.101  0  
-515.9  -272.3  225.5  2.942  1.101  0  
-515.9  -272.2  225.4  -2.941  -1.1  0  
-515.8  -272.5  195.5  -2.941  -1.1  0  
-515.8  -272.5  195.4  2.942  1.101  0  
-516.1  -271.7  285.4  2.942  1.101  0  
-516.1  -271.7  285.4  2.942  1.101  0  
-516.2  -271.5  315.4  2.942  1.101  0  
-516.2  -271.5  315.4  2.942  1.101  0  
